0,24445
0,40500
0,23500
0,28575
0,24000
0,32797
0,5256925
0,26445
0,33518
0,473130
0,47796
0,20556
0,40703
0,20723
0,21741
0,20908
0,21463
0,23963
0,27315
0,20388
0,19611
0,23000
0,39630
0,21055
0,27593
0,5629203
0,302778
0,20278
0,19926
0,28352
0,21945
0,29908
0,20056
0,29648
0,20759
0,26500
0,780591
0,28500
0,30297
0,30111
0,27963
0,28685
0,28833
0,28037
0,38315
0,29481
0,42444
0,32481
0,28222
0,29185
0,30185
0,27926
0,27852
0,24241
0,20704
0,27222
0,101241
0,23926
0,19722
0,19796
0,19092
0,40149
0,23630
0,19445
0,23870
0,19556
0,19481
0,80500
0,19019
0,20018
0,18389
0,52612
0,20537
0,22352
0,48963
0,20148
0,21629
0,19037
0,18982
0,18759
0,31241
0,23500
0,19593
0,20000
0,19500
0,28704
0,19889
0,18278
0,19686
0,21112
0,18703
0,18148
0,38870
0,25259
0,5130871
0,77723
0,20389
0,33686
0,18611
0,17019
0,18722
0,19870
0,25408
0,20574
0,33315
0,20037
0,21815
0,19426
0,27538
0,27722
0,20185
0,24111
0,18666
0,26407
0,23482
0,20500
0,22074
0,22019
0,19556
0,24889
0,18870
0,17944
0,17888
0,34296
0,17815
0,20259
0,20500
0,30333
0,20852
0,20370
0,26240
0,20463
0,19426
0,21852
0,32463
0,24056
0,19852
0,36315
0,32981
0,5305037
0,40203
0,19982
0,19426
0,21149
0,34074
0,20926
0,20963
0,25796
0,46685
0,22889
0,20611
0,20871
0,22833
0,25241
0,19408
0,22685
0,19593
0,21463
0,38908
0,5124500
0,20667
0,39166
0,21111
0,21111
0,22612
0,20334
0,20241
0,46760
0,5034870
0,22129
0,44963
0,34740
0,31556
0,19908
0,20444
0,24888
0,22018
0,20760
0,20907
0,21408
0,26704
0,34703
0,20074
0,19389
0,20704
0,22481
0,20000
0,41593
0,24871
0,21129
0,21093
0,5027704
0,20204
0,41815
0,20704
0,20111
0,17982
0,19112
0,24352
0,21092
0,49389
0,21167
0,25796
0,21463
0,66648
0,22111
0,18130
0,19556
0,18889
0,23722
0,28537
0,20000
0,24630
0,20056
0,32741
0,19944
0,23926
0,19371
0,21778
0,29500
0,18315
0,45463
0,27963
0,25056
0,24796
0,29963
0,20296
0,17445
0,22722
0,35612
0,25482
0,24092
0,22667
0,35815
0,20370
0,25630
0,20944
0,23296
0,21445
0,22981
0,21314
0,18574
0,18315
0,27371
0,5358869
0,20537
0,23463
0,20111
0,19481
0,17907
0,17500
0,28222
0,19852
0,17889
0,33166
0,28777
0,19944
0,32852
0,40908
0,27204
0,20333
0,17407
0,22278
0,18426
0,61723
0,21241
0,21963
0,50074
0,20445
0,18649
0,18018
0,22963
0,19777
0,18148
0,23555
0,21056
0,23907
0,22741
0,28223
0,21704
0,20926
0,20537
0,21945
0,21741
0,22889
0,35612
0,30722
0,21982
0,25981
0,23018
0,20333
0,20389
0,32352
0,21425
0,24741
0,23297
0,30796
0,21222
0,20055
0,63667
0,20870
0,44555
0,20981
0,23871
0,19852
0,19389
0,19907
0,37888
0,20926
0,37463
0,26741
0,21241
0,28519
0,22815
0,20667
0,32185
0,21555
0,21500
0,21185
0,34315
0,25278
0,21556
0,20815
0,19981
0,20833
0,28148
0,32537
0,21093
0,20500
0,32740
0,22149
0,20722
0,33686
0,26889
0,22296
0,20093
0,20093
0,20148
0,25074
0,20555
0,22518
0,22407
0,22908
0,30888
0,18500
0,18519
0,25889
0,29037
0,18703
0,17982
0,79944
0,22611
0,36555
0,20555
0,17407
0,24093
0,22722
0,21982
0,19593
0,62889
0,20760
0,20593
0,36000
0,31981
0,347185
0,19870
0,20019
0,19760
0,19815
0,17889
0,23278
0,22760
0,20741
0,20537
0,25426
0,19759
0,18000
0,17130
0,18185
0,19352
0,19185
0,36834
0,20185
0,20130
0,20352
0,22167
0,27759
0,20093
0,30204
0,17463
0,18222
0,19481
0,24852
0,25574
0,20555
0,19741
0,20241
0,25518
0,19907
0,18259
0,18056
0,18334
0,21648
0,18981
0,28870
0,5408020
0,34241
0,23537
0,19574
0,21259
0,19944
0,18796
0,25222
0,21204
0,21500
0,22240
0,40352
0,27167
0,3549370
0,37315
0,20481
0,21056
0,42889
0,23852
0,21482
0,46760
0,40037
0,20667
0,134295
0,24260
0,20722
0,19426
0,28833
0,20407
0,49186
0,21130
0,20092
0,20018
0,19426
0,20667
0,29445
0,30074
0,35259
0,28148
0,28074
0,34760
0,31870
0,42074
0,38778
0,42259
0,28555
0,30444
0,31592
0,29371
0,27611
0,28574
0,58074
0,5422649
0,41334
0,30574
0,28685
0,27889
0,30481
0,19686
0,21797
0,24185
0,19667
0,24870
0,23185
0,23241
0,30260
0,31537
0,20296
0,20426
0,29352
0,25259
0,23240
0,24278
0,35685
0,27130
0,29815
0,19315
0,24352
0,19093
0,23407
0,27851
0,18500
0,21796
0,19333
0,17926
0,21167
0,21519
0,26129
0,31852
0,30741
0,18667
0,17592
0,17760
0,18111
0,21944
0,18000
0,31944
0,5444185
0,37889
0,29408
0,22519
0,19129
0,22630
0,18723
0,18185
0,28389
0,21649
0,21149
0,20945
0,42722
0,32648
0,19944
0,17963
0,32907
0,19740
0,17981
0,17426
0,23315
0,23444
0,255778
0,31704
0,27037
0,22815
0,18963
0,18963
0,19555
0,17037
0,31481
0,17981
0,19685
0,29056
0,5383149
0,27889
0,23907
0,24575
0,19482
0,18278
0,25037
0,18056
0,24796
0,20815
0,23074
0,20500
0,3452928
0,20315
0,19963
0,18093
0,27259
0,18889
0,17315
0,29352
0,24760
0,26537
0,20519
0,43407
0,22371
0,20370
0,71426
0,21296
0,23703
0,20889
0,20018
0,31000
0,23185
0,21018
0,22000
0,57556
0,285981
0,20759
0,25500
0,23722
0,21704
0,34148
0,21759
0,20037
0,32889
0,262146
0,34334
0,24759
0,304056
0,20148
0,28852
0,26074
0,21037
0,23260
0,22074
0,795796
0,19704
0,32315
0,20907
0,22630
0,19630
0,42630
0,21093
0,31481
0,30389
0,19667
0,32056
0,19852
0,19759
0,18852
0,21000
0,52871
0,23685
0,28038
0,33037
0,19296
0,26555
0,17796
0,17593
0,19723
0,18462
0,18815
0,21926
0,55963
0,21463
0,19778
0,18166
0,24167
0,22204
0,17371
0,25055
0,19092
0,22056
0,19759
0,37315
0,24500
0,21907
0,19167
0,18612
0,17907
0,17871
0,33186
0,18611
0,16834
0,120185
0,28518
0,20093
0,39111
0,19000
0,21277
0,22426
0,20648
0,18574
0,27092
0,20130
0,19333
0,23130
0,26611
0,19981
0,19111
0,18778
0,19352
0,22074
0,19888
0,17315
0,48500
0,30019
0,20278
0,45463
0,18537
0,19834
0,18445
0,23222
0,17852
0,20444
0,34055
0,21075
0,21371
0,1796427
0,18037
0,17408
0,20834
0,18222
0,17204
0,17612
0,29223
0,20592
0,19241
0,19537
0,20982
0,20888
0,22537
0,27556
0,21574
0,20666
0,20686
0,34370
0,5402870
0,40259
0,25037
0,27704
0,20703
0,33592
0,36722
0,656685
0,35185
0,27148
0,21815
0,39093
0,22074
0,19648
0,22074
0,21611
0,22537
0,19945
0,19908
0,38834
0,20815
0,5619260
0,27815
0,21796
0,23796
0,20537
0,19926
0,21334
0,29149
0,19611
0,26685
0,19037
0,40796
0,21130
0,35814
0,20796
0,20185
0,20407
0,38352
0,19574
0,26000
0,34500
0,11145703
0,20130
0,22556
0,20685
0,19926
0,22092
0,19482
0,17444
0,25592
0,5286037
0,21092
0,20333
0,19685
0,18388
0,17741
0,18185
0,23148
0,74648
0,17796
0,176611
0,25519
0,20982
0,20296
0,45222
0,19796
0,20407
0,24260
0,17982
0,18426
0,40759
0,21389
0,22593
0,49370
0,270778
0,20519
0,18167
0,19926
0,18444
0,18056
0,24870
0,21815
0,23537
0,19945
0,28444
0,18260
0,31352
0,35889
0,18667
0,17908
0,18445
0,49518
0,21185
0,35945
0,43629
0,19500
0,23907
0,22259
0,20870
0,22426
0,19111
0,29037
0,24518
0,22389
0,19518
0,21389
0,21185
0,18334
0,27018
0,23370
0,20463
0,18259
0,18852
0,29185
0,5299852
0,35278
0,21222
0,19241
0,20370
0,19426
0,19500
0,16426
0,34315
0,17741
0,20778
0,21704
0,43518
0,21333
0,22334
0,20426
0,20056
0,19926
0,21166
0,32834
0,20981
0,22556
0,22796
0,21500
0,22315
0,46167
0,2191147
0,20074
0,77093
0,20445
0,22000
0,20333
0,30278
0,26408
0,30130
0,21149
0,22574
0,21111
0,24222
0,398186
0,32667
0,20555
0,20166
0,29945
0,28686
0,29278
0,30315
0,5371537
0,901260
0,40352
0,28648
0,29667
0,47500
0,5521276
0,28686
0,33186
0,29574
0,31629
0,47685
0,27852
0,21630
0,22945
0,19796
0,23222
0,22741
0,23926
0,21037
0,25537
0,20648
0,20204
0,57074
0,20222
0,19556
0,29185
0,21518
0,19722
0,19371
0,33129
0,301983
0,24556
0,21759
0,18648
0,19223
0,25240
0,24037
0,21500
0,22185
0,20481
0,21241
0,18074
0,113259
0,20000
0,18649
0,17592
0,19129
0,26963
0,31148
0,21074
0,31352
0,3070555
0,18667
0,27592
0,18555
0,19092
0,34148
0,18815
0,20556
0,23704
0,42240
0,20167
0,20222
0,19870
0,26870
0,19907
0,18518
0,18037
0,20148
0,23223
0,24518
0,5480424
0,20222
0,21500
0,71352
0,17723
0,18074
0,18019
0,22370
0,17388
0,22760
0,20296
0,27630
0,19759
0,32649
0,18537
0,17926
0,20945
0,18926
0,19907
0,17759
0,20556
0,33463
0,22019
0,20407
0,20648
0,20445
0,17667
0,20260
0,22056
0,19370
0,19352
0,23167
0,21537
0,29314
0,20222
0,40926
0,22278
0,21130
0,24926
0,20426
0,23907
0,20519
0,43796
0,36055
0,21185
0,20093
0,22037
0,24260
0,38018
0,22870
0,20815
0,20074
0,33611
0,21074
0,21166
0,22444
0,120667
0,19907
0,20092
0,19574
0,24074
0,24907
0,33871
0,4158740
0,20982
0,5319391
0,20222
0,35907
0,20611
0,31166
0,20482
0,21945
0,20630
0,40760
0,20834
0,5303112
0,19834
0,21166
0,30556
0,20963
0,19481
0,21908
0,22129
0,26037
0,21963
0,37204
0,20593
0,27852
0,31629
0,19241
0,21425
0,24130
0,20555
0,18797
0,22185
0,76907
0,30556
0,4419258
0,19481
0,19389
0,18778
0,21463
0,20537
0,19000
0,22000
0,21815
0,21111
0,19963
0,20055
0,19333
0,18537
0,19166
0,19667
0,39982
0,21537
0,16907
0,21037
0,28019
0,20667
0,21166
0,22260
0,19334
0,23945
0,21055
0,24870
0,17426
0,20000
0,26166
0,20555
0,20371
0,20815
0,50592
0,21186
0,20630
0,19241
0,24333
0,18166
0,19593
0,38963
0,20797
0,22519
0,33185
0,26612
0,21444
0,22203
0,19686
0,18278
0,19148
0,29426
0,20944
0,20981
0,20389
0,43315
0,20518
0,18796
0,18444
0,19574
0,18759
0,19834
0,25371
0,22240
0,19518
0,20222
0,20963
0,20537
0,23037
0,25703
0,18352
0,18075
0,29148
0,123241
0,20259
0,29871
0,30815
0,19778
0,19704
0,35537
0,20481
0,19797
0,23759
0,19852
0,21555
0,23259
0,41222
0,19593
0,21278
0,21204
0,35722
0,21389
0,34611
0,67610
0,19926
0,23445
0,35259
0,63592
0,22481
0,21223
0,22241
0,21463
0,23592
0,21222
0,20297
0,19371
0,19704
0,40426
0,21259
0,20537
0,22333
0,20852
0,24111
0,27574
0,19944
0,33981
0,20019
0,61352
0,24722
0,29463
0,21093
0,36666
0,20370
0,71222
0,19908
0,32000
0,21389
0,20334
0,25000
0,21111
0,20241
0,20593
0,33148
0,19333
0,20704
0,24982
0,20814
0,21111
0,24371
0,18315
0,22056
0,26814
0,20889
0,25148
0,35111
0,19556
0,18519
0,23129
0,17685
0,23740
0,18555
0,65518
0,32722
0,20019
0,1862926
0,21981
0,20871
0,28944
0,22611
0,18222
0,24018
0,26389
0,20241
0,20500
0,20352
0,21537
0,19130
0,22500
0,21426
0,17445
0,27389
0,18852
0,36259
0,20759
0,32963
0,29685
0,23778
0,18666
0,130093
0,18648
0,17777
0,18130
0,25037
0,20648
0,19870
0,72685
0,19741
0,24963
0,29574
0,19389
0,17963
0,25704
0,21278
0,24037
0,20148
0,26630
0,22297
0,26056
0,20222
0,19741
0,27722
0,27167
0,18722
0,17611
0,20019
0,26426
0,20630
0,45166
0,19648
0,20371
0,17889
0,23222
0,31482
0,19389
0,17426
0,24333
0,31574
0,26352
0,20278
0,20778
0,22962
0,20463
0,20296
0,36222
0,28704
0,20222
0,24148
0,20926
0,22204
0,20000
0,21814
0,22611
0,21907
0,22296
0,20519
0,25963
0,20056
0,20241
0,47259
0,21537
0,20500
0,39630
0,23055
0,20834
0,34703
0,20463
0,22945
0,45704
0,20722
0,19889
0,21093
0,74129
0,454036
0,20889
0,20426
0,21204
0,19871
0,22834
0,20852
0,24519
0,21963
0,23407
0,23130
0,20296
0,39351
0,20518
0,19629
0,20593
0,299500
0,19907
0,20259
0,22018
0,24315
0,33315
0,667834
0,60815
0,18297
0,24167
0,27167
0,27833
0,20352
0,24241
0,25259
0,24370
0,36889
0,23111
0,26111
0,19259
0,17852
0,18778
0,43315
0,20352
0,20259
0,21259
0,27074
0,70463
0,18185
0,17908
0,17093
0,19407
0,20185
0,27278
0,20037
0,20722
0,21741
0,20463
0,27278
0,59889
0,19130
0,28056
0,19870
0,126037
0,20555
0,43000
0,21593
0,19834
0,21389
0,19074
0,18518
0,17481
0,18907
0,33574
0,20037
0,20926
0,26482
0,25056
0,17963
0,18315
0,17870
0,30463
0,24907
0,18351
0,46129
0,23185
0,22426
0,21574
0,31203
0,20889
0,38352
0,19648
0,26018
0,110927
0,18611
0,39852
0,27871
0,18759
0,23945
0,26648
0,21130
0,19741
0,58926
0,20037
0,20259
0,18852
0,17685
0,45815
0,24185
0,21722
0,39260
0,20148
0,36148
0,30741
0,21019
0,36296
0,28722
0,21593
0,5649447
0,22314
0,37537
0,29648
0,28463
0,33408
0,32556
0,28500
0,32203
0,43926
0,29852
0,29685
0,73092
0,30185
0,124704
0,30056
0,29407
0,30574
0,70888
0,60648
0,29351
0,29352
0,34740
0,29592
0,30259
0,19685
0,20611
0,27889
0,20482
0,22722
0,31871
0,19555
0,22574
0,20944
0,36352
0,20926
0,19982
0,19482
0,19815
0,23778
0,21685
0,35815
0,5314534
0,1618166
0,19685
0,20222
0,20352
0,20259
0,20259
0,40630
0,25297
0,20889
0,22870
0,20500
0,32130
0,18500
0,18334
0,19741
0,25593
0,18296
0,18778
0,43370
0,31704
0,46426
0,1162443
0,18334
0,18185
0,28167
0,21185
0,19351
0,23315
0,45778
0,21148
0,20314
0,20871
0,97000
0,18463
0,23944
0,23611
0,19203
0,18685
0,17815
0,19945
0,21815
0,20240
0,21297
0,44741
0,23296
0,24037
0,18389
0,24556
0,19889
0,34981
0,21740
0,26759
0,58555
0,20926
0,68907
0,32222
0,23889
0,18075
0,19241
0,26204
0,22870
0,20723
0,19982
0,20130
0,22074
0,21982
0,20814
0,20111
0,20629
0,21129
0,18871
0,41407
0,24648
0,21018
0,21500
0,20592
0,19056
0,39667
0,19370
0,17574
0,18333
0,23759
0,20667
0,25371
0,23815
0,20500
0,26277
0,19852
0,67093
0,21463
0,20352
0,21426
0,20352
0,100038
0,21482
0,38408
0,28315
0,20945
0,3412834
0,22297
0,23092
0,20556
0,30944
0,20778
0,42889
0,20574
0,21426
0,21148
0,36519
0,28593
0,20167
0,19352
0,31778
0,32630
0,25908
0,5560871
0,32333
0,3971445
0,20649
0,27574
0,32130
0,22018
0,20371
0,34185
0,23371
0,28741
0,4780982
0,20297
0,21685
0,20519
0,20944
0,21555
0,20463
0,43889
0,26426
0,27333
0,162426
0,23389
0,24018
0,22519
0,19296
0,18093
0,31148
0,19870
0,26408
0,20629
0,31500
0,20760
0,20130
0,17666
0,18260
0,17907
0,21426
0,19852
0,26704
0,19796
0,22500
0,20648
0,36260
0,19370
0,20223
0,20889
0,18796
0,18425
0,18519
0,34240
0,21129
0,21074
0,22555
0,23870
0,19315
0,17796
0,18000
0,17074
0,19129
0,22018
0,21074
0,25445
0,32463
0,25185
0,20463
0,19112
0,25611
0,19463
0,18259
0,17463
0,17981
0,20019
0,20500
0,71463
0,25648
0,20259
0,25982
0,20963
0,21315
0,21352
0,19481
0,32019
0,22815
0,20667
0,20463
0,36166
0,20203
0,20889
0,30796
0,20834
0,19556
0,17833
0,21296
0,21815
0,22111
0,38944
0,32704
0,20500
0,20240
0,30611
0,18204
0,18592
0,26907
0,20815
0,18408
0,42555
0,5369315
0,20203
0,20148
0,85352
0,27482
0,20407
0,21166
0,20889
0,21740
0,20241
0,36648
0,29834
0,23352
0,49592
0,761427
0,22278
0,35148
0,29130
0,28370
0,45185
0,36037
0,32389
0,41667
0,102370
0,30148
0,29519
0,29778
0,44518
0,28685
0,42537
0,51630
0,31574
0,29240
0,32649
0,29185
0,28278
0,52426
0,32815
0,39666
0,23926
0,22833
0,22130
0,51704
0,22574
0,24148
0,23425
0,20555
0,29204
0,20018
0,19741
0,20648
0,35277
0,20797
0,20796
0,20629
0,30204
0,22167
0,20907
0,32500
0,21723
0,20889
0,19537
0,25741
0,23722
0,22537
0,20685
0,19500
0,21426
0,18759
0,18519
0,22019
0,19630
0,57907
0,22055
0,19871
0,24482
0,21222
0,42852
0,20723
0,20315
0,28592
0,19760
0,18463
0,18408
0,24315
0,18778
0,17888
0,23907
0,37722
0,27518
0,5102963
0,28112
0,19019
0,22222
0,23371
0,17370
0,17852
0,21888
0,5126518
0,20833
0,20630
0,30278
0,19148
0,17444
0,16518
0,20851
0,20796
0,16944
0,44166
0,21407
0,36611
0,22926
0,20814
0,20925
0,24055
0,17500
0,17815
0,30093
0,21982
0,418926
0,24593
0,36297
0,20704
0,21074
0,19130
0,19518
0,20185
0,17000
0,30426
0,83704
0,21815
0,20667
0,22741
0,23907
0,22278
0,20204
0,22370
0,19075
0,20963
0,37722
0,39778
0,30426
0,23630
0,22260
0,20963
0,19926
0,19333
0,35741
0,33074
0,27463
0,21296
0,25556
0,24241
0,65592
0,42500
0,24851
0,20592
0,21259
0,20315
0,24389
0,32000
0,19852
0,21611
0,23260
0,24685
0,20204
0,27759
0,20074
0,20018
0,34667
0,24185
0,20315
0,20278
0,57148
0,11227241
0,25889
0,23759
0,21778
0,20149
0,19648
0,23389
0,29407
0,34463
0,20130
0,23148
0,33759
0,19629
0,21685
0,19759
0,25074
0,19833
0,40482
0,64833
0,19944
0,26963
0,25723
0,23741
0,33222
0,19314
0,18148
0,25370
0,23204
0,20889
0,35333
0,33204
0,21407
0,20833
0,22241
0,20092
0,19481
0,23000
0,21277
0,25870
0,20111
0,33037
0,23074
0,21444
0,20889
0,21296
0,21056
0,20240
0,20852
0,19944
0,22555
0,21630
0,20889
0,33148
0,18518
0,19185
0,24797
0,63110
0,19408
0,38537
0,21223
0,20834
0,20704
0,22093
0,22667
0,76333
0,22926
0,18185
0,16296
0,17833
0,31333
0,21223
0,20481
0,21445
0,20370
0,21111
0,21556
0,18870
0,18259
0,21963
0,19444
0,18111
0,30092
0,25778
0,35333
0,5090166
0,19611
0,22167
0,20685
0,17833
0,35667
0,21111
0,22297
0,20889
0,37426
0,20148
0,21592
0,19093
0,21778
0,21982
0,18685
0,17204
0,19074
0,25741
0,42482
0,10912219
0,23944
0,29445
0,21797
0,20851
0,19648
0,31574
0,21500
0,40815
0,37074
0,20574
0,34166
0,21834
0,24500
0,23685
0,37389
0,20556
0,20129
0,28629
0,22926
0,5344446
0,53815
0,33612
0,19093
0,32241
0,26870
0,26833
0,34963
0,29778
0,5605334
0,20333
0,23129
0,21741
0,26167
0,21852
0,21352
0,20722
0,19463
0,28426
0,22407
0,21500
0,20315
0,36037
0,21556
0,20555
0,19370
0,19944
0,20314
0,38056
0,22055
0,23741
0,26703
0,61648
0,24425
0,22426
0,18056
0,17426
0,24833
0,24907
0,21222
0,20666
0,19981
0,20537
0,20963
0,19907
0,27334
0,18870
0,19333
0,19630
0,35277
0,20574
0,38556
0,5417591
0,19037
0,27796
0,18685
0,18278
0,19130
0,18055
0,33777
0,23055
0,5414648
0,20315
0,20926
0,30592
0,17926
0,17852
0,21537
0,19370
0,20092
0,21000
0,20796
0,26963
0,24222
0,33315
0,28963
0,20518
0,19129
0,17648
0,24612
0,19000
0,34297
0,22629
0,5650797
0,21000
0,142871
0,21481
0,18519
0,18778
0,31648
0,20092
0,19593
0,47629
0,5668946
0,54945
0,20518
0,19630
0,22093
0,20092
0,25574
0,18944
0,21166
0,23648
0,21018
0,27926
0,21148
0,22852
0,20260
0,20185
0,20778
0,20445
0,21518
0,19870
0,20407
0,30592
0,20426
0,24315
0,20203
0,66185
0,25648
0,23741
0,22185
0,22389
0,20574
0,38981
0,20667
0,20111
0,38778
0,27408
0,19796
0,20408
0,20852
0,20259
0,20408
0,23908
0,21333
0,37315
0,20741
0,25204
0,62611
0,20296
0,20241
0,21185
0,20778
0,21203
0,36556
0,21445
0,21426
0,22667
0,20593
0,35296
0,36426
0,757353
0,36148
0,22018
0,22741
0,55222
0,89852
0,20685
0,23018
0,22093
0,63204
0,19093
0,20518
0,19981
0,51389
0,5391241
0,21296
0,24408
0,44111
0,204741
0,19092
0,22537
0,19259
0,25667
0,23241
0,5405314
0,20388
0,22537
0,19389
0,18555
0,21963
0,26649
0,19426
0,16926
0,45982
0,36352
0,24814
0,28630
0,23833
0,18814
0,21889
0,17148
0,20371
0,20019
0,26833
0,26704
0,24686
0,20518
0,21130
0,22222
0,19685
0,19500
0,18056
0,20018
0,16926
0,37871
0,23833
0,21519
0,20889
0,69241
0,22037
0,18722
0,24000
0,18908
0,18740
0,26148
0,20518
0,24574
0,20167
0,19352
0,19963
0,17889
0,17333
0,18130
0,36444
0,19574
0,21167
0,19963
0,22871
0,19407
0,63111
0,27297
0,18685
0,22870
0,19148
0,53056
0,20333
0,20519
0,20352
0,24259
0,21463
0,19352
0,19981
0,21037
0,18370
0,18426
0,24482
0,22537
0,20537
0,31926
0,19797
0,21278
0,33834
0,32408
0,22130
0,21241
0,21018
0,21352
0,45463
0,5331297
0,37871
0,21056
0,19778
0,37130
0,19963
0,20462
0,27204
0,21371
0,22889
0,20407
0,55092
0,20519
0,26778
0,41704
0,29666
0,23037
0,21537
0,20370
0,37389
0,69537
0,34648
0,19926
0,22722
0,20445
0,20000
0,20926
0,41778
0,5386092
0,21445
0,21223
0,22759
0,23666
0,20796
0,20592
0,38574
0,29981
0,20074
0,20852
0,82186
0,19889
0,20000
0,34056
0,22223
0,18463
0,19723
0,30574
0,18222
0,18129
0,24574
0,22185
0,19333
0,21889
0,56203
0,24740
0,19296
0,18370
0,19833
0,18444
0,19037
0,21611
0,23519
0,23241
0,22093
0,20704
0,21945
0,17629
0,18908
0,27889
0,19741
0,17740
0,18500
0,37741
0,20944
0,20519
0,20519
0,34093
0,19037
0,18018
0,19426
0,16926
0,23445
0,20018
0,28000
0,20629
0,22815
0,21685
0,20537
0,22334
0,20685
0,24685
0,32703
0,18037
0,18555
0,18833
0,33481
0,20759
0,37963
0,31000
0,22519
0,32648
0,18445
0,21611
0,18278
0,18574
0,75389
0,20222
0,29223
0,21407
0,20500
0,19777
0,37129
0,18407
0,18648
0,20666
0,20019
0,19407
0,25889
0,24815
0,23037
0,39834
0,19852
0,23704
0,19704
0,23352
0,20333
0,22944
0,28185
0,24908
0,21518
0,23963
0,20241
0,32426
0,43426
0,33278
0,20296
0,34945
0,20722
0,23963
0,21426
0,54093
0,21037
0,31185
0,33982
0,20537
0,19556
0,22000
0,19463
0,24019
0,20388
0,20537
0,27019
0,20685
0,25889
0,26963
0,27111
0,20167
0,19889
0,41833
0,38796
0,20055
0,31944
0,19370
0,19815
0,34851
0,23926
0,20518
0,20426
0,37778
0,5261611
0,21426
0,35315
0,20500
0,21611
0,19926
0,31852
0,21426
0,61556
0,34537
0,24760
0,21296
0,22926
0,20981
0,23000
0,21334
0,19704
0,34740
0,20686
0,23444
0,20981
0,29815
0,41204
0,5800186
0,25111
0,2408112
0,25389
0,18611
0,17278
0,18982
0,18741
0,21574
0,20519
0,41852
0,20241
0,21963
0,21092
0,117556
0,21611
0,20722
0,22630
0,17834
0,21444
0,35723
0,21074
0,19907
0,20149
0,26741
0,20203
0,20796
0,17482
0,23093
0,19370
0,19148
0,31685
0,19981
0,27297
0,20333
0,22019
0,20167
0,18648
0,29760
0,18315
0,17371
0,25852
0,34389
0,20649
0,20537
0,42334
0,300759
0,17666
0,24796
0,19925
0,18611
0,24018
0,20019
0,35018
0,20704
0,20055
0,21592
0,19352
0,20537
0,18982
0,17740
0,16944
0,19000
0,28629
0,32797
0,23852
0,35685
0,300591
0,19815
0,17296
0,23629
0,18296
0,36037
0,31759
0,25074
0,43870
0,20463
0,18592
0,25852
0,20704
0,162630
0,20093
0,20241
0,29704
0,22908
0,26149
0,21944
0,33370
0,24815
0,37259
0,24408
0,21167
0,20537
0,36741
0,20685
0,48519
0,23037
0,22148
0,20074
0,29407
0,20037
0,19518
0,23815
0,33648
0,33277
0,65500
0,29149
0,20630
0,26592
0,78425
0,21611
0,19630
0,21074
0,20129
0,20574
0,20649
0,20241
0,20871
0,25260
0,22889
0,21852
0,20555
0,19963
0,19296
0,19963
0,23851
0,20111
0,52722
0,21389
0,24592
0,23574
0,20538
0,19222
0,24667
0,19944
0,17314
0,20667
0,40000
0,5341741
0,20074
0,20018
0,23203
0,19037
0,17685
0,21426
0,18851
0,34500
0,29907
0,22704
0,49889
0,25519
0,20296
0,18240
0,18518
0,18889
0,18685
0,42166
0,22408
0,22259
0,19796
0,34944
0,428223
0,51778
0,105852
0,19222
0,19204
0,34351
0,20796
0,22056
0,21037
0,32389
0,744464
0,18074
0,24074
0,18463
0,19259
0,19112
0,23426
0,20185
0,22519
0,21777
0,23037
0,22056
0,20111
0,25000
0,18482
0,19611
0,31167
0,46111
0,20926
0,41944
0,1955521
0,19593
0,16686
0,20444
0,23296
0,23945
0,22149
0,36000
0,26667
0,27852
0,25685
0,19389
0,19888
0,19630
0,20426
0,21222
0,27834
0,19630
0,32074
0,19592
0,21000
0,21130
0,25963
0,20537
0,17315
0,18481
0,20241
0,26556
0,21426
0,35240
0,21241
0,24500
0,22111
0,21667
0,51963
0,21166
0,20388
0,27537
0,37074
0,21630
0,19889
0,20612
0,21759
0,20167
0,69296
0,20426
0,21555
0,41371
0,20611
0,21704
0,20777
0,25722
0,19963
0,19518
0,19889
0,30963
0,19815
0,19926
0,48945
0,21259
0,24574
0,5804891
0,20000
0,22537
0,32371
0,20500
0,22833
0,5418555
0,24352
0,19333
0,45945
0,31518
0,19148
0,19834
0,19111
0,21055
0,19519
0,19463
0,24444
0,19834
0,27037
0,21315
0,19055
0,64944
0,20130
0,23537
0,19370
0,20481
0,45093
0,24537
0,21481
0,23500
0,22370
0,30037
0,20407
0,20037
0,20445
0,36593
0,23944
0,21056
0,21203
0,20704
0,26722
0,24371
0,19982
0,19686
0,19426
0,18537
0,18037
0,27593
0,23129
0,20778
0,20797
0,22074
0,22519
0,19963
0,27037
0,18186
0,16593
0,19889
0,20148
0,20741
0,20574
0,32334
0,19463
0,28055
0,19629
0,23389
0,18296
0,18278
0,20630
0,19481
0,16963
0,20352
0,47223
0,27445
0,22111
0,20148
0,18407
0,17741
0,17611
0,27666
0,18703
0,32500
0,20056
0,20778
0,21018
0,31592
0,19796
0,18333
0,18351
0,18167
0,42074
0,27593
0,17704
0,41370
0,22667
0,23555
0,28222
0,27649
0,17871
0,17574
0,18666
0,18944
0,19482
0,19667
0,37314
0,21241
0,21649
0,42074
0,27166
0,19500
0,21333
0,37481
0,26555
0,20704
0,20777
0,22629
0,22074
0,29500
0,23241
0,21982
0,43463
0,20055
0,43648
0,22018
0,19815
0,20907
0,60889
0,96018
0,23778
0,41148
0,26278
0,41260
0,24704
0,22296
0,36574
0,32648
0,5470645
0,25685
0,21592
0,27704
0,20074
0,20055
0,20259
0,21167
0,24556
0,20278
0,40630
0,34000
0,5318670
0,21741
0,24833
0,21352
0,31704
0,19370
0,19500
0,22148
0,22056
0,21389
0,20260
0,29500
0,20204
0,20296
0,18740
0,19370
0,23223
0,20649
0,17445
0,17611
0,34815
0,38537
0,38833
0,20611
0,28482
0,19944
0,18481
0,20741
0,17926
0,37092
0,17777
0,21463
0,20685
0,24815
0,23371
0,19852
0,31592
0,21241
0,17704
0,18185
0,28611
0,101277
0,17982
0,58130
0,22129
0,18759
0,18371
0,18000
0,17000
0,20556
0,15852
0,18352
0,19907
0,180463
0,17074
0,16852
0,33945
0,18666
0,17741
0,16278
0,20185
0,18315
0,17445
0,16297
0,45315
0,21445
0,18815
0,31778
0,18945
0,17148
0,16352
0,18352
0,17074
0,18852
0,37056
0,18981
0,18518
0,18241
0,28277
0,342184
0,19593
0,18481
0,16870
0,16704
0,16426
0,21703
0,34741
0,52092
0,27722
0,16704
0,17667
0,18908
0,21166
0,17685
0,32704
0,18648
0,21018
0,35556
0,614074
0,28223
0,19723
0,18704
0,17759
0,20944
0,36759
0,20167
0,37260
0,19463
0,22629
0,31889
0,17871
0,18093
0,20686
0,21944
0,22815
0,28389
0,22297
0,19334
0,22908
0,19444
0,73242
0,19111
0,18556
0,29777
0,18593
0,22519
0,19481
0,38519
0,19092
0,19796
0,17667
0,64037
0,18241
0,33593
0,23444
0,18407
0,36760
0,38389
0,20908
0,17889
0,25796
0,25740
0,17537
0,16648
0,19148
0,33870
0,21333
0,21407
0,22870
0,17648
0,16667
0,16075
0,19926
0,16704
0,16185
0,39722
0,30093
0,24704
0,52055
0,17222
0,18593
0,18148
0,18778
0,18760
0,30463
0,5344073
0,17759
0,30907
0,18518
0,18555
0,16389
0,17260
0,18351
0,17703
0,16093
0,21760
0,18926
0,21334
0,19722
0,20704
0,16889
0,17537
0,18130
0,17111
0,16611
0,17278
0,40130
0,19444
0,18352
0,27592
0,19277
0,16722
0,21408
0,17148
0,18018
0,16685
0,21666
0,19611
0,19834
0,19408
0,18463
0,19537
0,17241
0,28000
0,18223
0,16334
0,16278
0,18204
0,17037
0,18963
0,19852
0,19055
0,3043944
0,17444
0,16963
0,18185
0,18037
0,28814
0,18259
0,41148
0,21796
0,20297
0,22407
0,20833
0,19741
0,18703
0,18982
0,26574
0,34240
0,20593
0,19130
0,22185
0,22037
0,20222
0,19741
0,17426
0,23111
0,20944
0,18667
0,21500
0,18519
0,23000
0,20815
0,23037
0,26018
0,21593
0,34556
0,499128
0,19648
0,31685
0,21018
0,64889
0,47741
0,21963
0,19130
0,5210983
0,18796
0,18593
0,19741
0,27500
0,21500
0,18018
0,36963
0,21945
0,20592
0,18611
0,32870
0,21019
0,19574
0,18648
0,19537
0,18889
0,27722
0,17240
0,19537
0,20722
0,18148
0,18500
0,25351
0,72315
0,16259
0,16129
0,16592
0,18019
0,16704
0,47463
0,18629
0,20537
0,18945
0,16778
0,27166
0,15834
0,15926
0,20889
0,27259
0,18500
0,19055
0,18278
0,18778
0,21186
0,17352
0,17204
0,17370
0,16185
0,63982
0,17129
0,17352
0,18759
0,22222
0,26389
0,105500
0,17352
0,17130
0,17500
0,18518
0,16018
0,26445
0,88093
0,18481
0,18870
0,26333
0,32926
0,18778
0,25685
0,15963
0,18111
0,18314
0,16334
0,15741
0,22667
0,33204
0,20112
0,18796
0,18426
0,17593
0,16500
0,15741
0,35297
0,22537
0,37481
0,18889
0,20518
0,22926
0,1170575
0,16277
0,17000
0,17982
0,25019
0,17185
0,17389
0,36518
0,20908
0,19796
0,734962
0,19500
0,20722
0,34389
0,18334
0,22722
0,37130
0,19834
0,5841943
0,33722
0,23834
0,23000
0,19444
0,19222
0,20648
0,18575
0,18426
0,30112
0,23055
0,23944
0,29926
0,19370
0,18703
0,21685
0,17667
0,25704
0,23130
0,23018
0,26519
0,35296
0,19148
0,23611
0,319259
0,29592
0,20574
0,18241
0,19186
0,28445
0,19723
0,20388
0,19907
0,20185
0,23037
0,18814
0,18630
0,18444
0,65314
0,26796
0,18963
0,24074
0,27982
0,27741
0,19740
0,28926
0,18445
0,21944
0,17926
0,17315
0,18148
0,17945
0,22889
0,18926
0,29093
0,24296
0,18555
0,18482
0,26352
0,15778
0,17203
0,17796
0,17148
0,17389
0,23667
0,39537
0,22574
0,18796
0,18370
0,18963
0,17389
0,16870
0,17000
0,27148
0,21871
0,29519
0,5443595
0,18129
0,24314
0,26685
0,17944
0,16371
0,16223
0,28759
0,17481
0,17185
0,27759
0,26889
0,45574
0,18407
0,16000
0,17056
0,26371
0,18000
0,16555
0,21037
0,23445
0,37852
0,18593
0,20870
0,21907
0,16649
0,18388
0,17055
0,19297
0,16852
0,16204
0,19556
0,27463
0,18778
0,34926
0,631481
0,15907
0,15944
0,17092
0,18055
0,16889
0,35778
0,19074
0,17870
0,27037
0,21222
0,16592
0,25945
0,17241
0,18981
0,17500
0,152722
0,19000
0,19574
0,19445
0,21463
0,29389
0,21074
0,18371
0,30722
0,18908
0,18926
0,18685
0,31167
0,5383593
0,30649
0,19685
0,19870
0,19408
0,27926
0,31741
0,18648
0,23092
0,23389
0,19167
0,19204
0,52203
0,27537
0,23778
0,18592
0,18685
0,17740
0,18111
0,25389
0,23611
0,20037
0,18908
0,54482
0,19370
0,22944
0,18223
0,19630
0,18444
0,39334
0,2852520
0,18741
0,64111
0,18815
0,20149
0,22297
0,30241
0,24870
0,18370
0,20463
0,33185
0,5364445
0,29204
0,34556
0,23870
0,18574
0,20907
0,23741
0,17685
0,18648
0,21741
0,22759
0,27370
0,5388873
0,21982
0,18538
0,17056
0,18222
0,16778
0,19333
0,15204
0,25815
0,20315
0,19129
0,18148
0,30649
0,21556
0,17444
0,15612
0,16667
0,19055
0,20444
0,52093
0,19130
0,22407
0,41778
0,22555
0,19111
0,18408
0,17222
0,16167
0,22130
0,27445
0,20704
0,18777
0,18333
0,27130
0,19481
0,16871
0,17612
0,16315
0,20333
0,17852
0,28796
0,18741
0,29704
0,33630
0,29444
0,22223
0,17482
0,37463
0,23426
0,20778
0,20612
0,60444
0,19500
0,18778
0,26537
0,17352
0,16592
0,19889
0,18463
0,19963
0,20722
0,19593
0,25944
0,19519
0,33963
0,24908
0,41667
0,19019
0,18204
0,34482
0,19296
0,31611
0,77907
0,21148
0,2563814
0,18796
0,18907
0,39259
0,21685
0,17889
0,31611
0,5758371
0,65148
0,22278
0,19296
0,18759
0,19926
0,19278
0,20407
0,18371
0,26722
0,33926
0,49500
0,18351
0,21777
0,19667
0,18815
0,18963
0,19000
0,18723
0,19963
0,21296
0,18166
0,19019
0,45222
0,29148
0,18185
0,21056
0,18333
0,18445
0,55056
0,19611
0,19259
0,18963
0,48944
0,29778
0,19166
0,23703
0,19278
0,18556
0,22815
0,23055
0,22334
0,17815
0,21370
0,24463
0,18759
0,26000
0,16315
0,16685
0,18167
0,47666
0,23444
0,30130
0,19704
0,27796
0,19481
0,25166
0,21370
0,16259
0,18000
0,29723
0,19167
0,21667
0,83722
0,22167
0,19648
0,29149
0,31352
0,21723
0,17759
0,17167
0,17167
0,16667
0,21370
0,18889
0,48148
0,32666
0,19000
0,20166
0,18111
0,17241
0,33037
0,23000
0,29241
0,20518
0,20389
0,23556
0,24463
0,45592
0,17315
0,17111
0,18204
0,20167
0,17000
0,15963
0,28741
0,51408
0,5059371
0,29889
0,18093
0,16278
0,17000
0,20204
0,20833
0,25889
0,19982
0,23203
0,19871
0,19166
0,20315
0,18278
0,18018
0,18574
0,24666
0,17555
0,16260
0,22000
0,22575
0,22463
0,18963
0,33611
0,18593
0,17204
0,16574
0,21796
0,19277
0,17389
0,37445
0,19963
0,24203
0,24537
0,50685
0,20760
0,20815
0,20833
0,22389
0,19630
0,23981
0,27241
0,19556
0,21574
0,17667
0,23500
0,21926
0,23388
0,25889
0,18556
0,22111
0,18741
0,48630
0,24037
0,19834
0,28352
0,20370
0,43277
0,18315
0,18241
0,29297
0,19463
0,23445
0,18426
0,19908
0,31555
0,26370
0,18278
0,18315
0,18352
0,18703
0,26556
0,18537
0,38000
0,5452593
0,23945
0,21185
0,35093
0,23388
0,21741
0,37778
0,25685
0,36814
0,22945
0,19870
0,22759
0,22389
0,29814
0,18185
0,17223
0,21315
0,18945
0,16648
0,22667
0,49667
0,50370
0,20296
0,17722
0,16648
0,18575
0,18019
0,16389
0,19167
0,33797
0,76093
0,22888
0,18611
0,25963
0,18649
0,17092
0,16944
0,24278
0,18611
0,18149
0,44167
0,20037
0,22334
0,4720407
0,17463
0,21870
0,17574
0,19444
0,17611
0,18852
0,42056
0,19074
0,31000
0,20352
0,23574
0,22166
0,18185
0,16908
0,17704
0,17815
0,17500
0,16871
0,19963
0,25277
0,23056
0,20222
