0,929889052
0,935350940
0,941184794
0,946728888
0,952553481
0,958148796
0,963729498
0,969584404
0,975542329
0,981634053
0,982467035
0,984282981
0,985560445
0,986773927
0,987550669
0,987961800
0,988914873
0,994492448
1,610948
1,12208987
1,30900044
1,33291748
1,34121764
1,37329560
1,43142022
1,54959541
1,60356336
1,66137780
1,72386169
1,73052892
1,74516374
1,75245539
1,76185651
1,76829038
1,81289500
1,86461538
1,91805333
1,96945722
1,102150222
1,112939701
1,114002702
1,115136088
1,123022402
1,128683403
1,135000607
1,140674644
1,152457273
1,157026199
1,157960995
1,158992070
1,159779257
1,160181721
1,165011610
1,187958347
1,197601257
1,198120349
1,199003330
1,199525755
1,201382177
1,207109069
1,218626903
1,224034533
1,229754292
1,234782571
1,235281645
1,236270107
1,236897384
1,237704589
1,241576774
1,247231347
1,252804013
1,258142477
1,263945217
1,268084439
1,268883182
1,269595386
1,270091256
1,270770479
1,271519479
1,272660496
1,290361698
1,295847955
1,301357623
1,305757754
1,307443256
1,308228069
1,308651979
1,310174755
1,310699922
1,319409664
1,325655331
1,331137479
1,336976980
1,342426017
1,345028537
1,345985055
1,346686593
1,347584077
1,348419950
1,354173820
1,371497077
1,377436003
1,383250223
1,386112075
1,386903986
1,387283246
1,388193337
1,388770671
1,391553357
1,397288616
1,403139377
1,422278802
1,423315152
1,423809357
1,424819764
1,425599173
1,426286932
1,430976598
1,436110062
1,441569062
1,446714378
1,452083489
1,456127692
1,456674487
1,457186320
1,457844079
1,458445689
1,460591707
1,465798539
1,471184928
1,476588019
1,491160112
1,492296685
1,492820091
1,493360258
1,493920960
1,494398459
1,498590422
1,503762737
1,509142571
1,514294553
1,519449441
1,524668718
1,528944533
1,529644385
1,530095090
1,530765922
1,531350091
1,533177312
1,538628349
1,548817089
1,553971366
1,559172847
1,564097069
1,565915754
1,566501314
1,567347499
1,568562648
1,568927555
1,572950889
1,578689668
1,584450389
1,589943224
1,595688890
1,601179317
1,603659004
1,604373005
1,604736061
1,605297543
1,605865321
1,607110765
1,624843137
1,636386579
1,642095209
1,646665004
1,647529245
1,648190430
1,649838689
1,653875224
1,659495854
1,665389132
1,671400723
1,684900905
1,686084571
1,686700961
1,687539424
1,688266777
1,688916536
1,695453703
1,706879370
1,718013094
1,723541557
1,725382983
1,726453020
1,726970039
1,727780964
1,728588445
1,731276187
1,736441149
1,741786224
1,747197021
1,757485185
1,762703907
1,769633367
1,774345033
1,779635144
1,785051422
1,795330755
1,800615774
1,806057496
1,807022978
1,807611385
1,809818072
1,815060758
1,820422406
1,825632090
1,830999220
1,841265479
1,844209647
1,845123128
1,845870278
1,846548795
1,851121463
1,861758223
1,867168482
1,877432742
1,881552408
1,882603262
1,883132817
1,883969113
1,884833134
1,886784540
1,902524335
1,907761223
1,919539908
1,920600649
1,921169574
1,921512740
1,925665093
1,931180738
1,937132739
1,942706832
1,948415610
1,955563867
1,956218053
1,956631813
1,957115627
1,957654498
1,959026144
1,981607068
1,987714902
1,993824846
1,994378511
1,994838401
1,995909956
1,996407457
2,273975
2,5846309
2,11822550
2,17826829
2,30287997
2,31060775
2,31512940
2,32126904
2,32796404
2,33909295
2,39659479
2,50814221
2,56319147
2,62435461
2,66083165
2,67337886
2,67867774
2,68350441
2,68927628
2,69277296
2,72507110
2,78235997
2,84036569
2,100876738
2,105816497
2,106656441
2,106971644
2,107691016
2,108365812
2,109045516
2,114348351
2,125791574
2,131467370
2,142665647
2,143787592
2,144188648
2,144725296
2,145362650
2,146064095
2,148819893
2,154587836
2,165602781
2,171350687
2,176891964
2,179408040
2,180113503
2,180574633
2,181274391
2,182047834
2,187150555
2,192901761
2,204631337
2,210143354
2,220677781
2,221935595
2,223215820
2,231023154
2,236807377
2,242514562
2,248122339
2,253929932
2,260022283
2,263129376
2,263803765
2,264549655
2,265246748
2,265840599
2,270215803
2,275961729
2,281933283
2,292952321
2,302944524
2,304029207
2,304858170
2,305538429
2,306989817
2,324777357
2,330786375
2,348708633
2,349826320
2,350255376
2,354610005
2,366394413
2,386251560
2,387149207
2,387675521
2,388318057
2,388842539
2,389659296
2,395705462
2,406952148
2,412530071
2,423394830
2,424191958
2,425188329
2,425701974
2,426830569
2,430353643
2,435969438
2,441955846
2,458942622
2,464300141
2,465250642
2,465669459
2,466885586
2,467425957
2,468060810
2,473423516
2,479252462
2,501827892
2,505345208
2,505783855
2,506243687
2,507119669
2,507595299
2,510482818
2,516434319
2,528199504
2,533638821
2,539148504
2,541747025
2,543171617
2,543926006
2,544710081
2,545992840
2,550831970
2,556013303
2,561366970
2,566531229
2,571737654
2,576845171
2,580795744
2,581113594
2,581735297
2,582475816
2,584509684
2,589684573
2,594957832
2,600166480
2,605363258
2,610522906
2,615255072
2,616178998
2,616638961
2,617333462
2,618331368
2,619050999
2,629087315
2,634570461
2,639976368
2,645568887
2,650039502
2,651889962
2,653009869
2,653441777
2,654867463
2,660716075
2,672354669
2,677907612
2,683641076
2,687528814
2,688726442
2,689607223
2,690329817
2,690778002
2,691135409
2,695403704
2,701261761
2,706943020
2,712796521
2,724316206
2,728858372
2,729915926
2,730617611
2,731573704
2,732872109
2,744744685
2,756095427
2,765348407
2,766348019
2,767137483
2,767703057
2,768558706
2,769351076
2,777391020
2,782767243
2,788043150
2,793221576
2,798451910
2,803909225
2,805453412
2,806153004
2,807024802
2,807635284
2,808443321
2,813320006
2,818601895
2,828927007
2,834145655
2,839352229
2,844815080
2,847037263
2,847594985
2,848500170
2,849051207
2,851673317
2,857810465
2,869415003
2,875308411
2,881533651
2,887113373
2,888807338
2,889920153
2,890859950
2,891532007
2,896635192
2,908715301
2,914154395
2,919854248
2,927245436
2,928468955
2,929239158
2,930343750
2,931274878
2,933836746
2,949359152
2,954733985
2,966814762
2,967666356
2,969080745
2,973515505
2,994356929
3,209245
3,3199652
3,4083781
3,5212745
3,7325744
3,17591836
3,22844057
3,28150075
3,38480018
3,42559000
3,43228999
3,44245870
3,44795277
3,54622462
3,60577833
3,66440742
3,72316909
3,77793538
3,81235908
3,82122760
3,82671705
3,83570150
3,84292871
3,85710794
3,92471684
3,103449168
3,108986559
3,114508391
3,119477427
3,120558537
3,121262982
3,121910445
3,122807797
3,123170743
3,126785260
3,132299612
3,138280794
3,144201368
3,155360218
3,159267330
3,160213777
3,161272369
3,161833426
3,162689314
3,168630298
3,174387556
3,180265631
3,191545335
3,196962392
3,198457836
3,199298094
3,199969317
3,200823131
3,201610760
3,210378870
3,216073888
3,235774556
3,237097930
3,237708225
3,238426205
3,238943486
3,239332596
3,244885021
3,250558817
3,262160669
3,273236557
3,276994983
3,277777907
3,278070371
3,279004705
3,279947796
3,282491775
3,287993109
3,293660311
3,299666848
3,305484587
3,315317719
3,316622903
3,317033997
3,317623829
3,318553421
3,318966272
3,324160384
3,329790456
3,340790458
3,346346289
3,352183382
3,355410641
3,355958511
3,356705493
3,359494008
3,365548343
3,377097159
3,382662343
3,394927326
3,395436957
3,396031105
3,396506696
3,401037085
3,412337475
3,417639252
3,429114806
3,434945693
3,436979452
3,438364689
3,439070800
3,440340408
3,446349890
3,457576670
3,463154560
3,474746877
3,478247304
3,479105118
3,479589398
3,480659974
3,481244918
3,485162140
3,491003601
3,501714785
3,507449434
3,513019674
3,518859693
3,521370563
3,523571931
3,524439485
3,530989260
3,536664890
3,548610817
3,554252519
3,559780076
3,562127762
3,563241114
3,564463133
3,565075336
3,574147373
3,579872966
3,590762799
3,600827984
3,602085298
3,603168038
3,604629223
3,605224165
3,610666923
3,616203831
3,622035386
3,633253959
3,638899886
3,641843662
3,643013349
3,643622275
3,645416588
3,648257290
3,653722901
3,659200532
3,664645698
3,670032626
3,674733200
3,676392016
3,676960961
3,677644607
3,678174886
3,678589032
3,683501530
3,694774196
3,700401086
3,705972233
3,711859939
3,714384162
3,715059217
3,716116476
3,718155255
3,723945105
3,729561364
3,735160402
3,740837772
3,746805570
3,754332552
3,754836236
3,755428311
3,756243533
3,756778384
3,760994179
3,766808881
3,772571622
3,778380863
3,783883105
3,793950011
3,794514510
3,795829769
3,801921992
3,812817419
3,818427976
3,824126162
3,829109475
3,829647456
3,830362677
3,831142382
3,831528438
3,835255532
3,840832828
3,846899235
3,852521457
3,858160531
3,863877309
3,867215103
3,868851920
3,869275178
3,869815714
3,870287233
3,871158142
3,877130864
3,882648735
3,888396124
3,893981215
3,899709491
3,905559957
3,908201160
3,908735661
3,909115550
3,909977567
3,910458934
3,913321824
3,918590473
3,928904602
3,934018676
3,939146064
3,944184638
3,946527008
3,947247398
3,948011527
3,948931564
3,949783787
3,954443399
3,959702771
3,965821031
3,977106456
3,982649271
3,987593180
3,988377867
3,989383830
3,998219457
4,3942124
4,9527605
4,15186587
4,20872420
4,25132069
4,25699643
4,26372940
4,27568829
4,27977792
4,33230960
4,50557499
4,56659649
4,68586485
4,70724669
4,72754635
4,78089783
4,93658467
4,104117338
4,104698949
4,105521230
4,106037747
4,106535395
4,110512487
4,121047468
4,126395466
4,136574986
4,141047894
4,141874504
4,142308188
4,142972392
4,143593096
4,145156839
4,165919950
4,171129116
4,176324745
4,180676060
4,181402726
4,182077040
4,182956745
4,183413598
4,186970951
4,192110711
4,197502989
4,202630784
4,207772469
4,212932856
4,216825635
4,217724359
4,218125230
4,218980028
4,219649769
4,220637102
4,226317604
4,237235382
4,242748976
4,249152792
4,249658884
4,250758049
4,251344104
4,252388533
4,252845940
4,256139720
4,261764072
4,267418610
4,272967034
4,278546700
4,284242942
4,286269090
4,287334702
4,287799701
4,288530997
4,289490572
4,290018036
4,294858442
4,300042831
4,310470923
4,315600330
4,321076885
4,322103293
4,323709812
4,324074646
4,324625406
4,325143609
4,327712812
4,333437051
4,343859847
4,354061254
4,359552235
4,360906624
4,361394476
4,362291125
4,363380662
4,369113717
4,374983995
4,380575960
4,385981478
4,391892087
4,401596901
4,402955457
4,403378216
4,405539717
4,411147384
4,416894867
4,422670996
4,428547628
4,438135607
4,440172866
4,440658979
4,441327071
4,441703831
4,446501739
4,452071852
4,457732094
4,463266501
4,468987151
4,475187705
4,479457504
4,479971726
4,480677151
4,481465375
4,483192874
4,489557261
4,500844815
4,511687500
4,515520814
4,516511532
4,517254884
4,518037590
4,518905646
4,528647000
4,540272612
4,545893465
4,551660447
4,558040184
4,558947647
4,560144774
4,560849995
4,562114422
4,568028978
4,585377553
4,591074369
4,599783573
4,601151590
4,602586887
4,604210461
4,607983294
4,619485442
4,624992996
4,636074275
4,638514200
4,639612921
4,640214588
4,641004942
4,642173994
4,642828718
4,648455386
4,654128420
4,660173235
4,671538626
4,677066979
4,679372626
4,680070904
4,680551090
4,681243016
4,681812147
4,684921779
4,690628315
4,702260592
4,713962515
4,720166405
4,723672087
4,724251826
4,729845530
4,735685973
4,741484881
4,762999287
4,764359360
4,764809654
4,765512635
4,766173929
4,768661242
4,774387169
4,780225502
4,786119558
4,791647282
4,797318875
4,800217634
4,801280119
4,802113227
4,802778522
4,807311485
4,812756595
4,818386167
4,823803001
4,829249240
4,832064961
4,832621425
4,833272925
4,833869778
4,834792942
4,835620238
4,842675717
4,848135940
4,853936645
4,864218033
4,865152865
4,865948680
4,866371939
4,867029792
4,867779626
4,868192793
4,872156460
4,877728015
4,883623053
4,889068609
4,894616461
4,900623720
4,901593110
4,902535536
4,903630129
4,905103997
4,911226202
4,922305608
4,928110962
4,939078682
4,940840644
4,941384199
4,942295940
4,942746292
4,946850551
4,952303644
4,958178217
4,963705828
4,969401145
4,977467312
4,979410167
4,980254128
4,980858275
4,986519109
4,991917516
4,997770739
5,8850662
5,9763958
5,10515549
5,11406012
5,11864660
5,13200734
5,13753122
5,16613732
5,22139546
5,27752267
5,33224397
5,38577769
5,42302065
5,43525306
5,44329288
5,44730936
5,45750104
5,47034141
5,47480158
5,52706619
5,58310490
5,63912712
5,74855382
5,78125103
5,79252937
5,79886344
5,80428345
5,81557493
5,84551530
5,90343753
5,95875087
5,101629402
5,107244902
5,112792735
5,118150347
5,120253238
5,120946329
5,122083293
5,123178590
5,128029703
5,133801203
5,145579869
5,157009922
5,160569440
5,161470219
5,162879848
5,163552848
5,165635384
5,172069719
5,189074809
5,200469232
5,205618658
5,206211568
5,207034456
5,207769586
5,211738513
5,222070531
5,227463549
5,237646975
5,242268863
5,243145809
5,244422287
5,244992379
5,246390011
5,267121992
5,272298103
5,277405714
5,279215879
5,279707694
5,280218695
5,281277880
5,282136066
5,285641510
5,290838196
5,296174974
5,301429326
5,311633678
5,314448604
5,315291589
5,315838440
5,316338960
5,316725645
5,317543758
5,322831628
5,328105610
5,338349017
5,343520517
5,348651036
5,351501925
5,352317573
5,352748942
5,353687537
5,354163815
5,357234222
5,362439872
5,367843002
5,378195465
5,387727410
5,388221021
5,388616188
5,389389669
5,390475133
5,396567057
5,401995688
5,418902368
5,422830962
5,423649870
5,424134943
5,424683483
5,425359410
5,426275875
5,428827764
5,434473244
5,440209006
5,445757971
5,451339473
5,456909580
5,458492560
5,459314395
5,460476116
5,461013413
5,461371285
5,466476209
5,472359911
5,478158468
5,483839744
5,489626152
5,499507674
5,500325340
5,502846787
5,508797138
5,519819582
5,525513601
5,534366803
5,535444082
5,535835487
5,536476802
5,537102320
5,537858042
5,542613727
5,553630669
5,559143428
5,564963538
5,571137629
5,572202871
5,573093980
5,573800816
5,574332203
5,574775239
5,576203313
5,582342220
5,593929108
5,599531258
5,605264704
5,611016221
5,613971257
5,614556721
5,614983537
5,616106796
5,616577223
5,620460166
5,626124219
5,631994813
5,637836185
5,643648814
5,651579371
5,652584558
5,653062112
5,653798650
5,654443504
5,655492449
5,661712798
5,672935668
5,678427261
5,684300277
5,689854370
5,693112480
5,693714054
5,694674517
5,695696852
5,704384688
5,710186391
5,732577389
5,733611019
5,734572983
5,735489261
5,736157540
5,736726058
5,742386779
5,748133909
5,759272221
5,764970424
5,770723903
5,773453844
5,774112881
5,774649825
5,775149326
5,778091252
5,795329086
5,800949438
5,806568491
5,812270102
5,817275249
5,818318103
5,818807936
5,824042454
5,829885526
5,835913953
5,841566840
5,853532250
5,857505250
5,858482783
5,858897375
5,859897340
5,860759561
5,863027191
5,868973766
5,880961470
5,886480747
5,892033301
5,896983839
5,898016670
5,898431947
5,899183185
5,899960186
5,900530482
5,904889981
5,911051573
5,927785760
5,933201833
5,934256575
5,935402425
5,936056073
5,938295093
5,939617000
5,944815464
5,950020241
5,955429465
5,960647039
5,970705392
5,972900949
5,974474395
5,975818544
5,979847524
5,991311671
5,997090336
6,2963096
6,8352541
6,11865857
6,12869732
6,13359731
6,14084103
6,14887733
6,15958880
6,21803641
6,32226900
6,42563659
6,50173161
6,50918661
6,51513570
6,52585625
6,52970791
6,56268791
6,61773754
6,67751828
6,73293716
6,78819233
6,84810084
6,88872566
6,89196955
6,89677142
6,90178384
6,91024441
6,97072069
6,102972809
6,120319347
6,126104088
6,126839033
6,127938386
6,128492420
6,129356922
6,129858496
6,133247164
6,138727126
6,144340143
6,150202310
6,161315309
6,163816161
6,164996661
6,165400106
6,166129922
6,166676255
6,167007607
6,172114940
6,177742515
6,183391275
6,188789922
6,194337846
6,200056088
6,203046477
6,203519458
6,204166718
6,204795756
6,207425736
6,213074679
6,218738162
6,224603367
6,230608594
6,239964371
6,241297151
6,241828485
6,242660839
6,243420097
6,244324430
6,249010744
6,277547837
6,278325856
6,279423411
6,280389892
6,281299411
6,283035118
6,289265469
6,306127489
6,312165397
6,319205729
6,319620728
6,320374451
6,321194099
6,321790691
6,331537116
6,337196060
6,348266189
6,353822116
6,359105689
6,360382079
6,361258468
6,362137837
6,363099521
6,364580669
6,371048985
6,388808248
6,399888212
6,403813561
6,404476840
6,405467636
6,406867875
6,407447876
6,411448561
6,422777914
6,433972915
6,444601951
6,445967101
6,446663676
6,447597029
6,448491694
6,460519621
6,472606604
6,478355399
6,484247176
6,489996990
6,490767306
6,492475933
6,493311212
6,496539620
6,502510435
6,519579378
6,525510618
6,531333266
6,534049340
6,537337640
6,542552994
6,548204548
6,554291177
6,559760862
6,565639993
6,571825030
6,576248344
6,577265547
6,578069619
6,580319767
6,586505080
6,592389989
6,598177396
6,604306582
6,614686582
6,615794306
6,616422212
6,617193435
6,617953028
6,618648620
6,623616956
6,629172696
6,635196253
6,646588865
6,652794214
6,653609732
6,654106194
6,654966919
6,655607513
6,657787901
6,674428844
6,680030529
6,686151603
6,690054494
6,690466162
6,691013459
6,691502626
6,691822480
6,695616017
6,701765240
6,707689851
6,713494314
6,725127481
6,730758129
6,731477851
6,732289425
6,733562056
6,739774593
6,756103856
6,761511523
6,766496059
6,767519800
6,768275466
6,768783910
6,769787801
6,770245393
6,773626707
6,778956523
6,789213486
6,794378987
6,799585709
6,803019820
6,803707765
6,804041431
6,805357413
6,805881969
6,806525729
6,811761933
6,817151934
6,827437453
6,832635102
6,837821028
6,842709825
6,843971436
6,844727030
6,845278843
6,848212177
6,853499233
6,863823898
6,869171675
6,879411544
6,880397360
6,880874564
6,881540047
6,882418918
6,882810119
6,888891396
6,894443656
6,900079176
6,905632639
6,911223622
6,916896305
6,917909766
6,918634782
6,920278338
6,920794170
6,923162968
6,929181710
6,940521508
6,946059783
6,951535599
6,957436135
6,959297317
6,959681741
6,960328019
6,960970666
6,961488793
6,966555552
6,972240329
6,978140365
6,983917384
6,995472772
7,446680
7,1710085
7,2264160
7,2786532
7,5813958
7,17393754
7,23589144
7,34612884
7,40287643
7,41931123
7,42781272
7,43972845
7,44789511
7,45273491
7,50426936
7,56458196
7,67608398
7,73117583
7,79072158
7,84299674
7,85242324
7,86337267
7,86958396
7,100036749
7,106132377
7,112028749
7,117949951
7,128105083
7,129334546
7,129902862
7,131091049
7,131577474
7,140665144
7,146734163
7,152417644
7,158001681
7,163841329
7,167843880
7,168410898
7,169607748
7,170396932
7,176755914
7,193323340
7,199114524
7,204681079
7,206968931
7,208365913
7,209105672
7,209996969
7,213436061
7,219498248
7,231250097
7,237073802
7,242867356
7,248716208
7,252005617
7,253809655
7,254825562
7,260868267
7,266845248
7,272894269
7,284162747
7,289644896
7,292368171
7,293056505
7,293958674
7,294485656
7,297178676
7,303394492
7,308922750
7,314524511
7,320184140
7,325846308
7,329126938
7,330406235
7,330863180
7,331657643
7,332509532
7,337595495
7,343330514
7,349509957
7,366185198
7,369520736
7,370155718
7,370517515
7,371314866
7,372106365
7,374220291
7,380195460
7,391741215
7,397553436
7,407449955
7,409119457
7,409899737
7,410510977
7,411150940
7,415343292
7,421064327
7,426803662
7,432348291
7,437882234
7,443731770
7,446117028
7,447992677
7,448506492
7,448955938
7,450659827
7,456680680
7,468173993
7,473841012
7,485269528
7,488036048
7,488665623
7,489720939
7,490115439
7,494307253
7,500318919
7,506075344
7,516975287
7,522615842
7,525223211
7,526722582
7,528270710
7,529393470
7,535466691
7,546789137
7,552390172
7,558079987
7,563417708
7,564439339
7,565130874
7,565440152
7,566255579
7,566842450
7,570260949
7,575751209
7,581443912
7,587486949
7,598693563
7,601527599
7,602243674
7,602690727
7,603473392
7,604067117
7,604898155
7,610124487
7,615442691
7,621374064
7,626793228
7,632400599
7,634492230
7,635506655
7,635893728
7,636405914
7,637138469
7,637963691
7,640627339
7,651744692
7,657809878
7,669415488
7,674578227
7,676500114
7,678223006
7,683230580
7,689053673
7,706390211
7,712338822
7,717234175
7,718412731
7,718879212
7,720194989
7,720993599
7,723739859
7,729934933
7,740982580
7,752441877
7,758103007
7,758454192
7,759425154
7,760354024
7,762489638
7,767171193
7,772930784
7,784409080
7,790486781
7,801941931
7,805464062
7,805935247
7,807696838
7,813743485
7,825402544
7,831180472
7,842313341
7,844503119
7,845855618
7,846946042
7,847412377
7,857119173
7,862878025
7,868574819
7,874468429
7,880669467
7,885747285
7,886493008
7,887322749
7,888232528
7,894423345
7,906381750
7,917249676
7,922788416
7,923820989
7,925192564
7,926468916
7,926932711
7,930555954
7,936381657
7,947256674
7,952942489
7,958346137
7,959704024
7,960480061
7,960881836
7,961608428
7,962385947
7,962844688
7,968342631
7,973900834
7,979816668
7,985391245
7,990959392
7,994823171
7,995989358
7,996818338
7,997099245
7,997666374
7,998218783
8,1818318
8,7463745
8,18656652
8,24229428
8,29836929
8,34169834
8,34959243
8,35314834
8,35929649
8,36675519
8,37229723
8,42479684
8,48065313
8,54415703
8,59799645
8,65259536
8,70016980
8,70986424
8,71609684
8,72067796
8,72918111
8,73759982
8,75708632
8,80882299
8,86076501
8,91195982
8,96323167
8,101266333
8,102303869
8,103009609
8,103522054
8,104155608
8,105228311
8,105690588
8,109851254
8,115356051
8,130717549
8,135899568
8,139195013
8,139567401
8,140073512
8,140577418
8,142351494
8,148419142
8,159570695
8,165321012
8,176495918
8,177403549
8,178351047
8,179481565
8,179923085
8,184124567
8,189645342
8,195340915
8,200706304
8,206347267
8,211926750
8,212774247
8,213468821
8,213944319
8,214742820
8,215767377
8,217031859
8,222940600
8,234273378
8,239855876
8,245932839
8,249209432
8,250632710
8,251134061
8,251483411
8,252151262
8,252590504
8,256152634
8,261859468
8,267588949
8,279045986
8,284545170
8,286520950
8,287400100
8,287910823
8,288504250
8,289177751
8,290282456
8,301440309
8,307115793
8,312879162
8,318669420
8,323964754
8,324607568
8,325619478
8,326806515
8,327870275
8,331115274
8,336281383
8,341555107
8,346925126
8,357241626
8,366406220
8,367537902
8,368134658
8,368872842
8,369413675
8,375018121
8,380969639
8,387264970
8,399306950
8,408505800
8,410532855
8,411321372
8,414244390
8,420005742
8,425697465
8,436761557
8,442538575
8,448605723
8,452793185
8,453901222
8,454699499
8,455487870
8,460777594
8,477407631
8,488891853
8,490329279
8,491797908
8,492626298
8,493290519
8,493728038
8,495750741
8,501942926
8,519121352
8,525076481
8,533364073
8,534333368
8,535123536
8,535723703
8,539991981
8,546026093
8,557747890
8,563236389
8,568919296
8,571475017
8,572577144
8,573194034
8,574112440
8,574939161
8,576873178
8,583255011
8,599640900
8,605509120
8,609738675
8,611625047
8,612414434
8,613016399
8,613371065
8,623173894
8,629010023
8,635117041
8,646664301
8,651799836
8,652475742
8,652940502
8,654078374
8,655109392
8,661671466
8,667973449
8,679033136
8,690140153
8,691038600
8,691741359
8,692289857
8,693660765
8,694027878
8,697180748
8,702809100
8,708659580
8,714642747
8,730389986
8,731613543
8,732771061
8,733532396
8,739673543
8,745444062
8,751563063
8,757484101
8,768261620
8,771388822
8,772296673
8,773865323
8,776316116
8,781479764
8,786792597
8,791966727
8,797186247
8,802443432
8,805900487
8,807005987
8,807726118
8,808923398
8,814207510
8,819508898
8,829864177
8,835101343
8,840636215
8,846584382
8,847495345
8,850261104
8,855878067
8,861444771
8,867135366
8,877901719
8,879051665
8,880585663
8,881437070
8,882001125
8,882504422
8,886745388
8,892409665
8,898186390
8,903943652
8,909733633
8,915266799
8,918564352
8,919276037
8,919701556
8,920634262
8,921255318
8,922800039
8,941040094
8,946703335
8,957719631
8,961453854
8,962831559
8,963862373
8,964992539
8,969413465
8,975625057
8,981414760
8,987017572
8,992650590
8,998370943
9,4569295
9,5691814
9,6523629
9,7447851
9,8175109
9,9323701
9,20737515
9,31999454
9,37774009
9,43288564
9,45663786
9,46906213
9,49308601
9,52561100
9,58246211
9,64123802
9,70162450
9,81289300
9,86885929
9,87922209
9,88966893
9,89899654
9,90385449
9,96305322
9,101959898
9,108034861
9,118973453
9,124727787
9,131169639
9,131607768
9,132339712
9,133041176
9,136057676
9,141802937
9,153330397
9,164474951
9,170125932
9,172135562
9,172584489
9,173678469
9,174665413
9,175150600
9,180290102
9,186031025
9,191969287
9,197443154
9,203016988
9,211787748
9,212690082
9,213471285
9,214145692
9,216371988
9,228124874
9,233634169
9,239150929
9,245076466
9,250114170
9,250717540
9,251923133
9,252836187
9,257328651
9,263052300
9,268960726
9,280341856
9,287182930
9,288216040
9,288550725
9,289035151
9,289759652
9,291505674
9,297434305
9,314499807
9,320179031
9,324449290
9,325509731
9,326040416
9,326595526
9,327540210
9,328068801
9,331623134
9,336903561
9,347146987
9,352317135
9,357684413
9,360340283
9,361196450
9,361743598
9,362561264
9,363204784
9,364192727
9,370063244
9,375616243
9,381463317
9,387090261
9,392670096
9,398345133
9,399442836
9,400056763
9,400469799
9,401169298
9,401554021
9,405201927
9,411102872
9,416681019
9,422508665
9,438441792
9,439214589
9,439569331
9,440321609
9,440853941
9,441420627
9,447032275
9,452609350
9,469879576
9,475070798
9,476100057
9,476629337
9,477108395
9,477846747
9,478313395
9,481892379
9,487652285
9,498627158
9,504234008
9,512607824
9,513042546
9,514002898
9,514847453
9,515193102
9,520618068
9,526551809
9,532353400
9,538457217
9,549662919
9,553914121
9,555190381
9,556083807
9,557492530
9,557977309
9,560205288
9,565971458
9,571554699
9,577462459
9,583173237
9,589190495
9,598253978
9,598902424
9,599553331
9,600106163
9,601626776
9,608032480
9,619273016
9,625030367
9,636012497
9,637894235
9,638319718
9,639058587
9,639769421
9,641392237
9,647837736
9,665309866
9,676692958
9,682537940
9,683849753
9,684380867
9,688485663
9,694177386
9,706007166
9,711536131
9,717253762
9,720953151
9,721690465
9,722287966
9,723201652
9,723896710
9,725295616
9,748004503
9,753451206
9,758863039
9,759810910
9,760350373
9,760783372
9,761656097
9,762172486
9,766433522
9,772075039
9,777883037
9,783581483
9,794711482
9,800540891
9,801508559
9,802059969
9,802903283
9,803585635
9,804163729
9,809901268
9,815613174
9,821469119
9,832542077
9,838141634
9,839100411
9,840297079
9,840668745
9,841429987
9,841914377
9,845085080
9,850965747
9,862521508
9,873845029
9,880150773
9,880517402
9,881329160
9,882237993
9,882583734
9,888068958
9,894110624
9,899823680
9,910711182
9,916430182
9,919023182
9,919462348
9,920782256
9,921310940
9,923344567
9,928574845
9,934761936
9,940586956
9,951888197
9,956462827
9,957831993
9,959198827
9,959641161
9,963833270
9,969003697
9,974380973
9,979553382
9,984805307
9,994505417
9,995365085
9,995894900
9,996515751
9,997208788
9,999258913
10,4764895
10,20257804
10,30520415
10,33805802
10,35176763
10,35457114
10,39270353
10,44481668
10,49771574
10,55106723
10,65339816
10,70394315
10,72318464
10,72623018
10,73320349
10,73988866
10,75227330
10,90757404
10,95909460
10,101047884
10,106454977
10,108423663
10,109275941
10,109852828
10,110797586
10,111264048
10,114695066
10,120139603
10,130406067
10,135579124
10,140868291
10,145913087
10,149044806
10,150225436
10,152747160
10,158340903
10,164155494
10,170018068
10,181083493
10,186794012
10,189715973
10,190595679
10,191117550
10,192682882
10,193215975
10,195980750
10,201272194
10,206847176
10,222479119
10,231269689
10,232585208
10,233171374
10,238171372
10,243379631
10,248678446
10,258929705
10,264108632
10,269307076
10,274041262
10,275584984
10,276263114
10,278588113
10,283742687
10,288965723
10,294198279
10,299431501
10,304709890
10,312963131
10,313559577
10,314204281
10,315293874
10,315768577
10,320204913
10,326358467
10,332360985
10,343343948
10,352845053
10,354067813
10,357263816
10,363035372
10,374308019
10,385861778
10,391484482
10,393532370
10,394533111
10,395255667
10,395686389
10,396052777
10,400481168
10,412200760
10,417879909
10,423432059
10,429659969
10,434174132
10,435160871
10,435759149
10,437107040
10,443288911
10,459804669
10,465413652
10,470002430
10,470839597
10,471393707
10,471853430
10,473234854
10,473770409
10,482833003
10,488687484
10,494193929
10,499925390
10,505606631
10,508074965
10,509069890
10,509657131
10,510218205
10,510606093
10,511460243
10,517353188
10,523194411
10,534155004
10,540075727
10,546011836
10,549533891
10,550886280
10,551454353
10,554688892
10,560639523
10,566470987
10,578202228
10,588139433
10,588773265
10,589512522
10,590403374
10,591013226
10,601766835
10,607764170
10,618954924
10,624313551
10,625163108
10,626588554
10,627187147
10,627704814
10,630523981
10,636159278
10,642224518
10,648224702
10,659230720
10,664217424
10,665522389
10,666850388
10,667243575
10,672271946
10,677984889
10,689751349
10,695418183
10,701326332
10,704532682
10,705331385
10,706340734
10,708396753
10,714231088
10,725764365
10,731620310
10,737739290
10,742835660
10,746242694
10,746750972
10,747259582
10,751738842
10,757555972
10,769136991
10,774810676
10,780793196
10,787031880
10,788293510
10,789054176
10,789837659
10,791417567
10,796822956
10,812291400
10,817459345
10,822470327
10,824693144
10,825678255
10,826254681
10,827492515
10,831412924
10,836975850
10,842246183
10,847488498
10,857823017
10,863111388
10,868312980
10,870798439
10,872078365
10,872889865
10,878304938
10,888699939
10,893881789
10,899100529
10,904335566
10,908173622
10,909748087
10,910505456
10,910918270
10,914323974
10,920358029
10,932135029
10,948762657
10,949550047
10,950173658
10,950999289
10,951699566
10,952421752
10,958381068
10,970039771
10,981540735
10,989936494
10,990913235
10,991493182
10,994610312
11,673905
11,11537461
11,17082571
11,22775923
11,26054331
11,27485535
11,28828238
11,29990275
11,35202497
11,41098054
11,52539184
11,58166666
11,64080832
11,68086094
11,68687334
11,69434962
11,72120205
11,78402537
11,84117574
11,89792279
11,95301260
11,100987815
11,106097557
11,106564001
11,107195557
11,107761686
11,108310426
11,112652353
11,118361334
11,123980520
11,129466002
11,135026207
11,140173485
11,141801801
11,142312007
11,143017599
11,143909267
11,145344822
11,150899063
11,156765267
11,162513766
11,167942099
11,173575489
11,177236985
11,178115430
11,178605653
11,179041933
11,179654897
11,180117674
11,184215045
11,189741025
11,195413599
11,201156359
11,215349302
11,217143209
11,217898489
11,219703022
11,225408207
11,236351653
11,241916949
11,247529781
11,248378542
11,249433892
11,250298505
11,251089856
11,252002599
11,255450676
11,261010326
11,266645974
11,272489270
11,277969398
11,283810731
11,287915491
11,289065732
11,290032896
11,291516502
11,296608263
11,307102857
11,312419839
11,317754043
11,327398875
11,328541339
11,329431783
11,330820912
11,333631780
11,338953486
11,349412633
11,364920671
11,367696893
11,368550300
11,369232336
11,370306021
11,370774372
11,376294799
11,382505298
11,388037466
11,393569044
11,399094654
11,405103394
11,409418319
11,410006113
11,410954187
11,411573410
11,414545242
11,425995909
11,431885982
11,437602577
11,449052929
11,452961190
11,454436673
11,455562081
11,459746769
11,465016083
11,475386973
11,480570231
11,485951323
11,493127840
11,493650617
11,494772003
11,495442726
11,497153374
11,502683133
11,517980743
11,523531448
11,534230020
11,535025113
11,538831373
11,549322557
11,559576278
11,564743537
11,569776984
11,572131669
11,572622298
11,573308484
11,573823353
11,575244853
11,581254484
11,587159172
11,592910596
11,598391820
11,607707470
11,608848599
11,609431564
11,609811305
11,610755378
11,611198693
11,614570935
11,619975454
11,625705953
11,631417248
11,637374916
11,643049507
11,644579325
11,645580769
11,646660290
11,647623935
11,648410787
11,654107656
11,660156860
11,671319044
11,677173729
11,682874564
11,686180452
11,686635674
11,687441266
11,687995191
11,690952378
11,696857232
11,702681602
11,708623323
11,721279306
11,721723843
11,722441587
11,723129104
11,723634383
11,728991697
11,735251938
11,741346106
11,757701461
11,758911589
11,759881609
11,760304164
11,761360552
11,770040350
11,775790776
11,781575034
11,796479940
11,797504327
11,797913642
11,798423643
11,798925605
11,799531366
11,804434869
11,810035813
11,815803663
11,821508164
11,827167681
11,832783846
11,835877201
11,836501959
11,837237737
11,839022516
11,854644867
11,859848719
11,865405367
11,871043978
11,871749458
11,872789679
11,873221105
11,876929457
11,882185532
11,887578420
11,892790364
11,898067438
11,908159438
11,910005198
11,911624366
11,912726607
11,914045775
11,931120668
11,936920391
11,942949946
11,951196388
11,952710483
11,953640666
11,954062446
11,958039798
11,963712575
11,969662482
11,980828707
11,992196744
11,993774818
11,994832097
11,995967892
11,997072357
12,2904301
12,9544912
12,31784281
12,37401575
12,38996000
12,39458001
12,40245018
12,40783036
12,44084701
12,49821812
12,61418182
12,66988109
12,72916367
12,78438850
12,79576496
12,80362644
12,81749681
12,87619887
12,99281906
12,105235941
12,116247515
12,117741663
12,118502514
12,119029738
12,120009739
12,120527238
12,123296386
12,129093645
12,135198978
12,140865105
12,146350200
12,151881975
12,156152086
12,157209013
12,157655882
12,158306639
12,159095490
12,159981361
12,164151545
12,169856768
12,175908915
12,187119601
12,192686510
12,194073065
12,194645289
12,195331788
12,195848658
12,198014194
12,204420026
12,221213395
12,227250987
12,234511726
12,234886985
12,235480189
12,236359135
12,236766837
12,241207633
12,246799119
12,252701544
12,258829006
12,269686414
12,271947654
12,272726007
12,273221876
12,273964859
12,274677194
12,287664452
12,293421214
12,298952418
12,305046935
12,309060546
12,309919362
12,311370658
12,311692398
12,315429067
12,320925158
12,326835012
12,332350938
12,338091310
12,343647809
12,346280235
12,347915144
12,349016810
12,349923680
12,355558273
12,361042530
12,367021788
12,372662676
12,379002396
12,385005302
12,385349691
12,385958635
12,386763614
12,387333394
12,390380319
12,395669042
12,400974061
12,411322098
12,416484728
12,419611748
12,420750970
12,422235618
12,422685191
12,427625155
12,432797118
12,438164747
12,443325692
12,448465692
12,451150896
12,451901082
12,452405416
12,453017433
12,453675305
12,454443250
12,456659935
12,461956324
12,467261714
12,472449657
12,477705787
12,486178124
12,487295013
12,487848181
12,488490479
12,489113294
12,494252609
12,499806719
12,505720703
12,511226017
12,516927348
12,522577147
12,525482185
12,526842483
12,527586705
12,528202855
12,530326299
12,536551484
12,547959486
12,553335578
12,559040355
12,564587150
12,565303948
12,565803022
12,566224504
12,567466338
12,568023487
12,572463652
12,578171707
12,584287724
12,589751334
12,595129425
12,600860276
12,601740405
12,602664200
12,603438442
12,604191386
12,604916220
12,606594144
12,613061163
12,629420442
12,634978849
12,639161848
12,640627828
12,642355255
12,644608552
12,645419162
12,654767814
12,672386129
12,681499483
12,682459428
12,683064482
12,683832927
12,684757333
12,690805275
12,696504219
12,707562699
12,713414959
12,719099719
12,720975498
12,722052516
12,722500424
12,723107240
12,723532594
12,726768424
12,738150904
12,743998033
12,749591107
12,755356959
12,760903144
12,762851847
12,763612643
12,764314993
12,770157768
12,782073177
12,788207215
12,799087270
12,800642935
12,801020157
12,801540842
12,802098989
12,802765601
12,805593988
12,811511412
12,817000466
12,822557653
12,828154841
12,833853877
12,836497138
12,838020303
12,839068766
12,839621600
12,844758727
12,850423541
12,856248336
12,861729558
12,867462801
12,873583748
12,877587303
12,878182100
12,878824599
12,880901136
12,886122543
12,891368690
12,896565986
12,901982227
12,912094578
12,913850043
12,914214562
12,914964600
12,915772622
12,916209677
12,920323085
12,925709047
12,936084731
12,941282025
12,946445323
12,948430473
12,949195749
12,949659601
12,950507454
12,951480806
12,952941102
12,958151898
12,964007752
12,969906824
12,975399676
12,984369547
12,986821419
12,987657829
12,988039607
12,992191550
12,997958161
13,3839883
13,9496956
13,15408642
13,21261569
13,25990140
13,26504697
13,27342328
13,27906142
13,29008289
13,34895491
13,40339973
13,45837731
13,51180139
13,56734345
13,60690623
13,61755547
13,62547954
13,62957286
13,63793954
13,64276824
13,67516157
13,73053082
13,78946249
13,84687639
13,90193045
13,95807193
13,98484639
13,99526084
13,100131971
13,101060524
13,101739878
13,102280418
13,108237713
13,120016398
13,125518121
13,130672510
13,136839268
13,140329752
13,142002456
13,142584309
13,143356752
13,146570401
13,152578826
13,163863251
13,169606084
13,175428437
13,181361549
13,183152509
13,183729306
13,184579140
13,190447233
13,196256827
13,207561085
13,213059380
13,219052289
13,224888379
13,226744919
13,229420068
13,235105180
13,240877291
13,246590791
13,252149438
13,258168939
13,264501846
13,267278200
13,268097421
13,269144141
13,269718937
13,274417883
13,291794364
13,297904237
13,307957331
13,308600237
13,310513496
13,317364052
13,333791978
13,345929075
13,347973461
13,353925166
13,371081794
13,376626867
13,382637239
13,385956924
13,387416442
13,387891645
13,388527885
13,389841295
13,395846092
13,412787595
13,418921094
13,426007129
13,426999204
13,427886055
13,428408147
13,432258869
13,438240351
13,449249185
13,454759017
13,460339553
13,462609626
13,463504554
13,464104167
13,465204667
13,465742426
13,466388410
13,472240892
13,478213762
13,489310372
13,495003579
13,500741024
13,503803174
13,504915840
13,505757137
13,506526599
13,509383598
13,514678117
13,525123765
13,530238543
13,535392728
13,538999062
13,540612378
13,541677082
13,542496321
13,543391377
13,548707024
13,559191376
13,569464744
13,574298762
13,575263300
13,576337506
13,577016097
13,577619708
13,578060283
13,580443709
13,585656894
13,590978376
13,596339931
13,606548765
13,611512987
13,612546045
13,613237268
13,613890787
13,614424932
13,619107397
13,625472824
13,636797896
13,647511470
13,648298655
13,648989562
13,649503709
13,650387172
13,653310506
13,658924597
13,664518856
13,670693281
13,681536927
13,684289704
13,685309354
13,686355763
13,687334168
13,687751500
13,692247778
13,697917706
13,703615556
13,709217390
13,714670074
13,724453150
13,725244852
13,725672202
13,726499424
13,727154109
13,728620236
13,734780697
13,746595716
13,757440085
13,763283973
13,766180749
13,766815194
13,767777120
13,768204585
13,777334713
13,782729750
13,787865547
13,793002288
13,798290159
13,803290769
13,804977288
13,806008233
13,807888122
13,808704638
13,813855286
13,819092916
13,829501098
13,834771581
13,839875006
13,840778414
13,841342914
13,842093245
13,843855117
13,844480414
13,847550859
13,858179320
13,878580338
13,880805782
13,881752485
13,883546338
13,884285896
13,884707099
13,889623656
13,895033433
13,905562397
13,910743879
13,915922157
13,919982862
13,921780694
13,922888748
13,923484452
13,926274379
13,931830585
13,937558215
13,954520309
13,960544308
13,961283400
13,961750751
13,962504234
13,963685825
13,964274344
13,969505973
13,975451159
13,981269474
13,987140642
13,998382402
14,2950310
14,3724623
14,4297050
14,6512696
14,12442976
14,23252014
14,28785125
14,34697775
14,38769514
14,40155329
14,40575459
14,44941220
14,50405793
14,56055702
14,61465480
14,67060738
14,70534719
14,71342090
14,71888237
14,72283459
14,73148421
14,74416273
14,75794217
14,81717698
14,93169997
14,104273809
14,107371532
14,109008418
14,109799695
14,110677805
14,111244770
14,114861436
14,125286084
14,135538398
14,140722288
14,144081768
14,144906009
14,145391749
14,146225082
14,147108616
14,148060542
14,153326245
14,158441060
14,163698950
14,169124818
14,179352540
14,180676058
14,181514614
14,182293243
14,182597372
14,185627777
14,196107591
14,201513313
14,211715036
14,215939035
14,217093534
14,218063737
14,218610366
14,219090758
14,219689424
14,225417351
14,231032351
14,237118369
14,242643093
14,248659110
14,254408241
14,257491221
14,257932166
14,259016499
14,259767202
14,262623108
14,274241850
14,279847905
14,285351738
14,291234368
14,294344999
14,294800627
14,296316089
14,297440848
14,302665605
14,308277012
14,314220049
14,319869715
14,325483402
14,331877068
14,337821144
14,339023610
14,341426370
14,347266165
14,364331848
14,370047997
14,375907792
14,379991847
14,380967756
14,381700331
14,382340054
14,386631015
14,392419144
14,398216365
14,403972142
