main thread [12101]
deadline thread started [12115]
st_m,1,495758377,0
init
set pins
m,3,63699932,108593
m,3,64341543,65277
m,3,64971451,63926
m,3,65742304,67074
m,3,66520471,64703
m,3,67100824,133685
m,3,67737286,66537
m,3,68354841,66741
m,3,69140397,67111
m,3,69763879,65204
m,3,70482657,64019
m,3,71091419,66000
m,3,71657495,65648
m,3,72272198,66092
m,3,73039437,68444
m,3,73667159,65612
m,3,74401603,70037
m,3,75063455,65963
m,3,75660383,67852
m,3,76323237,67240
m,3,77184181,69370
m,3,77839349,70555
m,3,78622793,76333
m,3,79239884,67426
m,3,79810034,69185
m,3,80436980,61518
m,3,81229793,69204
m,3,81858421,60574
m,3,82597753,66259
m,3,83207309,61333
m,3,83797123,66630
m,3,84397622,61833
m,3,85172825,63111
m,3,85753658,68241
m,3,86486492,62203
m,3,87059640,60797
m,3,87675046,60889
m,3,88247250,56833
m,3,89009086,61629
m,3,89574808,60629
m,3,90299917,61852
m,3,90858880,57149
m,3,91473066,57204
m,3,92008418,90092
m,3,92777382,62296
m,3,93403938,56982
m,3,94089236,62037
m,3,94694088,56945
m,3,95258645,56796
m,3,95859273,56722
m,3,96559643,62296
m,3,97206494,57723
m,3,97875994,67148
m,3,98495419,57166
m,3,99031735,142704
m,3,99679586,57130
m,3,100435623,62796
m,3,101027345,57388
m,3,101719067,66167
m,3,102334418,58074
m,3,102899363,57834
m,3,103518196,57963
m,3,104249695,79760
m,3,104867289,57148
m,3,105560472,119630
m,3,106208602,56759
m,3,106816028,56740
m,3,107373324,58611
m,3,108121323,61963
m,3,108711992,56630
m,3,109464898,58722
m,3,110048379,58149
m,3,110660027,57241
m,3,111227379,56815
m,3,111973362,58796
m,3,112565990,56741
m,3,113303360,61852
m,3,113857747,62741
m,3,114416376,57593
m,3,115024227,56945
m,3,115750560,58722
m,3,116407782,65389
m,3,117108189,58740
m,3,117714114,57333
m,3,118252652,125871
m,3,118903671,53426
m,3,119645746,58278
m,3,120232024,62889
m,3,120964913,60203
m,3,121532820,53537
m,3,122139393,53482
m,3,122698429,54074
m,3,123441725,58574
m,3,124133968,58426
m,3,124761059,53667
m,3,125318892,55148
m,3,125925022,53871
m,3,126483708,53722
m,3,127227116,58241
m,3,127844727,57130
m,3,128563728,56037
m,3,129119211,54074
m,3,129729840,54037
m,3,130267009,144296
m,3,131039139,55037
m,3,131696805,53593
m,3,132371824,55185
m,3,132905065,150166
m,3,133540712,53426
m,3,134143655,54315
m,3,134856452,55741
m,3,135585916,54778
m,3,136147821,54389
m,3,136751301,54425
m,3,137309838,50426
m,3,137947450,64463
m,3,138749876,74149
m,3,139574856,66167
m,3,140238967,67593
m,3,140842188,63908
m,3,141465468,85834
m,3,142168151,66704
m,3,143003207,72778
m,3,143840374,66556
m,3,144450912,71407
m,3,145059020,71519
m,3,145695946,68148
m,3,146717297,158630
m,3,147662687,69445
m,3,148523759,60593
m,3,149193536,61519
m,3,149804554,64759
m,3,150480627,74870
m,3,151296146,68241
m,3,151907700,70112
m,3,152701591,66482
m,3,153357999,69871
m,3,153974351,71204
m,3,154484055,68370
m,3,155351963,61926
m,3,155986224,51981
m,3,156719614,56852
m,3,157332153,60889
m,3,157921003,55889
m,3,158577819,69833
m,3,159415171,61796
m,3,160045226,62500
m,3,160781929,60481
m,3,161397281,50592
m,3,161987836,63074
m,3,162610576,58704
m,3,163425891,57574
m,3,164024334,71056
m,3,164856091,144760
m,3,165505910,73037
m,3,166151112,108259
m,3,166765372,60389
m,3,167600484,61666
m,3,168205261,51074
m,3,168996151,65112
m,3,169576002,52297
m,3,170194059,51315
m,3,170784615,114592
m,3,171589373,62129
m,3,172225669,64074
m,3,172977411,60963
m,3,173593189,55241
m,3,174167595,51871
m,3,174789705,61370
m,3,175602630,61259
m,3,176190962,52186
m,3,176951518,61685
m,3,177531335,51648
m,3,178189870,53889
m,3,178759092,54407
m,3,179572242,57314
m,3,180213445,51259
m,3,180937761,61555
m,3,181561464,51722
m,3,182129649,51852
m,3,182740572,52741
m,3,183465792,151963
m,3,184127496,52204
m,3,184905644,57592
m,3,185484921,51649
m,3,186090366,51648
m,3,186659960,57592
m,3,187463404,58407
m,3,188036146,149000
m,3,188834571,57352
m,3,189456884,48056
m,3,189997439,48315
m,3,190651515,75167
m,3,191460162,59704
m,3,192111626,61611
m,3,192882589,76334
m,3,193572237,58685
m,3,194163978,49111
m,3,194799257,48518
m,3,195568384,54426
m,3,196210403,52018
m,3,196912958,48815
m,3,197522345,49111
m,3,198091973,44223
m,3,198707789,47759
m,3,199475104,54278
m,3,200081789,50611
m,3,200983530,53574
m,3,201598880,44944
m,3,202164842,44352
m,3,202810453,48500
m,3,203512249,50167
m,3,204337267,45407
m,3,204894860,44648
m,3,205530507,53259
m,3,206127322,45167
m,3,206668117,92315
m,3,207498544,66686
m,3,208299377,50703
m,3,208913063,44888
m,3,209499802,49352
m,3,210114691,44981
m,3,210646246,77611
m,3,211483225,50204
m,3,212051631,45593
m,3,212813984,45740
m,3,213340744,78704
m,3,213997484,44796
m,3,214528965,77537
m,3,215313059,45444
m,3,215855837,98463
m,3,216677280,55037
m,3,217230910,78259
m,3,217843482,76963
m,3,218443147,44537
m,3,219240760,46222
m,3,220019243,46056
m,3,220595282,77166
m,3,221170002,79889
m,3,221773167,78889
m,3,222433926,79075
m,3,223200722,45723
m,3,223896259,46389
m,3,224468259,78222
m,3,225065147,77482
m,3,225677535,77389
m,3,226432866,45723
m,3,227026162,77907
m,3,227731160,79908
m,3,228340216,77241
m,3,228913233,77407
m,3,229522656,77408
m,3,230267879,81574
m,3,230885084,77796
m,3,231607990,80112
m,3,232217603,77222
m,3,232796159,78240
m,3,233402845,77574
m,3,234172455,45833
m,3,234756381,79852
m,3,235444064,79334
m,3,236054416,77648
m,3,236627936,77185
m,3,237245715,78370
m,3,237986825,79149
m,3,238531029,165371
m,3,239319123,79519
m,3,239855697,140945
m,3,240507827,76389
m,3,241041863,125351
m,3,241818955,78981
m,3,242362419,128797
m,3,243120474,79759
m,3,243656360,113204
m,3,244309417,77537
m,3,244880102,77463
m,3,245633230,79426
m,3,246247878,79833
m,3,246991972,82778
m,3,247556268,79259
m,3,248158527,77575
m,3,248743842,80389
m,3,249491583,82592
m,3,250075213,81926
m,3,250827527,79481
m,3,251392451,78241
m,3,252002841,77871
m,3,252582433,77389
m,3,253375323,49760
m,3,253928897,83778
m,3,254767655,55667
m,3,255363044,55630
m,3,255996137,46519
m,3,256622212,55130
m,3,257456581,47612
m,3,258076154,50463
m,3,258888190,53944
m,3,259499466,51222
m,3,260086522,80982
m,3,260730596,53778
m,3,261572912,75092
m,3,262236893,58981
m,3,263174393,159500
m,3,264043671,65704
m,3,264737281,50926
m,3,265342394,50982
m,3,266181247,52611
m,3,266814135,57056
m,3,267631062,56870
m,3,268225470,47185
m,3,268859525,55241
m,3,269484377,47648
m,3,270312672,60815
m,3,271003525,54389
m,3,271767969,56278
m,3,272408359,52259
m,3,272958341,82648
m,3,273583008,86796
m,3,274435969,47204
m,3,275053784,48389
m,3,275847284,52518
m,3,276450839,47704
m,3,277063118,82148
m,3,277637524,76741
m,3,278488949,48463
m,3,279069635,53185
m,3,279862838,46814
m,3,280399912,79333
m,3,281083059,56463
m,3,281687783,59055
m,3,282597023,73796
m,3,283427635,53555
m,3,284060579,57759
m,3,284654207,77556
m,3,285240689,75685
m,3,285891671,51037
m,3,286659669,48760
m,3,287405318,79111
m,3,287983945,82278
m,3,288595128,74944
m,3,289224776,77130
m,3,289850479,50592
m,3,290690574,48888
m,3,291274943,47592
m,3,292055496,47852
m,3,292633624,156944
m,3,293323496,47370
m,3,293937828,83148
m,3,294759774,53815
m,3,295574738,53296
m,3,296154087,85778
m,3,296796661,83463
m,3,297432106,47926
m,3,298039959,51833
m,3,298928606,54833
m,3,299833069,62204
m,3,300481977,61537
m,3,301146087,46870
m,3,301702884,81926
m,3,302504253,79834
m,3,303132143,77481
m,3,303956495,80482
m,3,304613848,77223
m,3,305190681,87037
m,3,305746368,147333
m,3,306577628,78148
m,3,307195758,76759
m,3,307973701,77833
m,3,308633497,48204
m,3,309262166,47611
m,3,309944964,51834
m,3,310780465,56203
m,3,311366743,123759
m,3,312216706,83241
m,3,312806261,83019
m,3,313434630,81889
m,3,313978667,136593
m,3,314794406,80445
m,3,315417074,79667
m,3,316131499,79926
m,3,316667758,113611
m,3,317323165,79907
m,3,317866554,148259
m,3,318690646,81685
m,3,319242405,154259
m,3,320063149,80518
m,3,320626315,78352
m,3,321245073,77500
m,3,321813536,77944
m,3,322588609,81000
m,3,323157461,78556
m,3,323951423,82186
m,3,324534629,77574
m,3,325077220,153796
m,3,325729702,83148
m,3,326433144,120222
m,3,327097571,77111
m,3,327809942,81778
m,3,328424536,77944
m,3,329021794,78296
m,3,329631350,78592
m,3,330348053,82204
m,3,331004811,81019
m,3,331692868,81926
m,3,332304979,80018
m,3,332864719,78778
m,3,333483514,77685
m,3,334213791,84445
m,3,334887440,77666
m,3,335549236,79945
m,3,336154052,78203
m,3,336715274,79870
m,3,337502773,81333
m,3,338199403,117482
m,3,338880219,77389
m,3,339589923,96370
m,3,340227220,77648
m,3,340763201,146611
m,3,341396700,76981
m,3,342156424,85889
m,3,342797108,78092
m,3,343515402,83074
m,3,344128584,79574
m,3,344711676,76740
m,3,345318715,78277
m,3,346047047,99648
m,3,346729103,77852
m,3,347385696,124240
m,3,348029547,77834
m,3,348572714,144925
m,3,349239027,77296
m,3,350018324,86611
m,3,350616489,78426
m,3,351345525,80833
m,3,351907395,80519
m,3,352518562,78685
m,3,353135490,76963
m,3,353897752,82592
m,3,354510231,83167
m,3,355238639,79518
m,3,355807711,77371
m,3,356423064,78463
m,3,356994955,77666
m,3,357759604,89944
m,3,358477289,79944
m,3,359087381,77759
m,3,359661250,80315
m,3,360264510,80611
m,3,360843621,79388
m,3,361649103,91278
m,3,362315641,81500
m,3,363077438,82203
m,3,363657273,80426
m,3,364266551,79777
m,3,364851772,77889
m,3,365618180,80908
m,3,366316979,80037
m,3,366923998,79926
m,3,367457831,151093
m,3,368090035,79092
m,3,368701292,77852
m,3,369423551,81908
m,3,370049977,77814
m,3,370769789,79463
m,3,371377973,77167
m,3,371979713,85093
m,3,372626250,82648
m,3,373384806,87278
m,3,374197324,86815
m,3,374785529,82981
m,3,375416361,90223
m,3,376061768,52796
m,3,376744751,90648
m,3,377519937,90760
m,3,378366327,90667
m,3,378503679,219185
m,3,379629309,87037
m,3,380319180,84315
m,3,381140142,86389
m,3,381809790,84241
m,3,382595346,84148
m,3,383259550,85408
m,3,383856679,85370
m,3,384516236,83629
m,3,385305181,86223
m,3,385966070,86667
m,3,386792829,86500
m,3,387375662,165685
m,3,388059736,90445
m,3,388629441,151445
m,3,389477423,77444
m,3,390094403,74648
m,3,390895792,84593
m,3,391538478,91018
m,3,392143587,84204
m,3,392705031,156315
m,3,393560327,80500
m,3,394137937,179797
m,3,394995884,78407
m,3,395544996,146592
m,3,396236846,82315
m,3,396938550,82444
m,3,397924882,81982
m,3,398568864,77259
m,3,399356068,80259
m,3,399873049,82166
m,3,400734567,163555
m,3,401387381,73426
m,3,402239361,73593
m,3,402853360,69759
m,3,403645822,74130
m,3,404202692,69797
m,3,404818231,71741
m,3,405395822,69278
m,3,406251770,74555
m,3,406854937,71185
m,3,407625362,73704
m,3,408185586,75889
m,3,408802233,72740
m,3,409378453,70111
m,3,410174270,74407
m,3,410763712,69686
m,3,411561121,71889
m,3,412161881,69648
m,3,412768456,70907
m,3,413302606,91555
m,3,414140051,72926
m,3,414694531,141315
m,3,415489010,73556
m,3,416099400,69741
m,3,416686658,69518
m,3,417297899,69796
m,3,418062454,74352
m,3,418683490,69648
m,3,419393728,75019
m,3,420004041,69908
m,3,420559654,69203
m,3,421268358,57167
m,3,422056545,78963
m,3,422793084,83982
m,3,423577028,79740
m,3,424192287,79481
m,3,424764859,73630
m,3,425372582,74111
m,3,426101285,73908
m,3,426755284,73055
m,3,427442429,74019
m,3,428035762,70834
m,3,428589002,71389
m,3,429189486,71907
m,3,429900134,75260
m,3,430538950,71778
m,3,431225024,73426
m,3,431819320,71148
m,3,432377652,71481
m,3,432991170,73796
m,3,433692780,75759
m,3,434373279,73278
m,3,435014408,73111
m,3,435607908,71611
m,3,436166057,71982
m,3,436803762,72519
m,3,437506819,75407
m,3,438257319,73315
m,3,438810875,71907
m,3,439405986,67704
m,3,439932746,135963
m,3,440586061,69259
m,3,441317447,76074
m,3,442018314,73648
m,3,442616352,69444
m,3,443161333,68815
m,3,443762351,68351
m,3,444326519,69370
m,3,445074150,78222
m,3,445801648,73482
m,3,446398592,68519
m,3,446945444,72796
m,3,447547443,67704
m,3,448075259,141592
m,3,448886183,74537
m,3,449434239,145037
m,3,450175666,73908
m,3,450710740,146815
m,3,451347648,74852
m,3,451883926,103185
m,3,452673891,75703
m,3,453337409,144019
m,3,453963187,67982
m,3,454560077,69703
m,3,455120504,67944
m,3,455731929,73259
m,3,456439188,76259
m,3,457213428,73759
m,3,457765373,74648
m,3,458363320,68259
m,3,458923929,67537
m,3,459704562,75056
m,3,460269950,68129
m,3,461013302,74259
m,3,461570690,68204
m,3,462164302,67481
m,3,462729487,69130
m,3,463487337,73852
m,3,464044931,69926
m,3,464798191,74519
m,3,465348635,69037
m,3,465950064,72037
m,3,466514527,69278
m,3,467253416,76740
m,3,467840511,69629
m,3,468487956,68648
m,3,469155288,69370
m,3,469765138,69037
m,3,470320673,72574
m,3,471274097,76556
m,3,471851726,73685
m,3,472581319,70241
m,3,473139354,73371
m,3,473742372,68815
m,3,474291686,71834
m,3,475026982,69926
m,3,475606722,75649
m,3,476393353,74203
m,3,476960427,67907
m,3,477554242,72796
m,3,478113279,73093
m,3,478869483,69871
m,3,479476094,72333
m,3,480206927,69149
m,3,480756056,70112
m,3,481378816,68704
m,3,481907463,132685
m,3,482742424,79871
m,3,483396926,78166
m,3,484195349,78166
m,3,484810959,78741
m,3,485365661,129907
m,3,486006031,78204
m,3,486754163,126370
m,3,487480921,83871
m,3,488214291,79352
m,3,488953475,79981
m,3,489611566,76871
m,3,490251919,78148
m,3,491002141,110408
m,3,491750325,79778
m,3,492575008,79149
m,3,493185229,81333
m,3,493816046,76445
m,3,494423213,83815
m,3,495237012,83278
m,3,495894142,76278
m,3,496609623,82130
m,3,496733308,70907
m,3,497777142,80796
m,3,498478012,97926
m,3,499071011,83463
m,3,499881697,89277
m,3,500623436,71315
m,3,501224139,70556
m,3,501808897,75000
m,3,502435342,70296
m,3,503231398,82555
m,3,503918860,76945
m,3,504640677,76389
m,3,505249456,68851
m,3,505778493,133111
m,3,506426125,70704
m,3,507217419,71741
m,3,507805641,75018
m,3,508670772,79130
m,3,509283717,76574
m,3,509935994,82834
m,3,510538087,71315
m,3,511378921,76685
m,3,512011883,67240
m,3,512756494,74000
m,3,513294180,131130
m,3,513936808,74111
m,3,514545642,65037
m,3,515301476,75537
m,3,516114754,73000
m,3,516685643,71352
m,3,517290275,72000
m,3,517823496,137815
m,3,518462737,66074
m,3,519270459,74593
m,3,519999033,72186
m,3,520607979,73500
m,3,521179442,73056
m,3,521787498,68704
m,3,522430995,77445
m,3,523206531,73518
m,3,524013880,68056
m,3,524573622,69463
m,3,525182158,68926
m,3,525738955,68852
m,3,526385530,70166
m,3,527114253,142925
m,3,527801789,69167
m,3,528567122,67629
m,3,529132898,69223
m,3,529735547,69315
m,3,530296138,69945
m,3,531094860,72851
m,3,531837137,141629
m,3,532473880,68260
m,3,533080491,70777
m,3,533715344,70204
m,3,534415733,70445
m,3,535244087,73667
m,3,536058070,73278
m,3,536670591,81352
m,3,537320775,72963
m,3,537885015,75482
m,3,538672460,75037
m,3,539277126,72055
m,3,540039404,76741
m,3,540600293,76907
m,3,541195903,77296
m,3,541718461,79315
m,3,542515180,75649
m,3,543047865,145315
m,3,543800031,78018
m,3,544395882,80111
m,3,544981606,82111
m,3,545580256,77296
m,3,546262662,78075
m,3,546870922,80555
m,3,547470793,77778
m,3,548189386,80648
m,3,548753016,81408
m,3,549344536,80296
m,3,550029202,79334
m,3,550638016,78463
m,3,551358758,77166
m,3,551952477,81686
m,3,552511680,82093
m,3,553105458,80019
m,3,553783347,80056
m,3,554437700,80055
m,3,555099979,144574
m,3,555721144,80074
m,3,556316644,80259
m,3,556870294,78759
m,3,557644387,81315
m,3,558245665,79407
m,3,558968739,78129
m,3,559519016,80129
m,3,560117312,82203
m,3,560668920,79537
m,3,561437181,78722
m,3,562011125,80759
m,3,562762291,78722
m,3,563317829,79556
m,3,563913534,80111
m,3,564439589,82241
m,3,565216720,81055
m,3,565826163,81796
m,3,566496883,78537
m,3,567087865,79796
m,3,567648125,80703
m,3,568246422,83944
m,3,568921644,82407
m,3,569537275,80463
m,3,570218107,83555
m,3,570809901,84352
m,3,571336087,83759
m,3,571956401,83093
m,3,572682329,79426
m,3,573245516,81037
m,3,573946536,79574
m,3,574520925,81056
m,3,575129923,81185
m,3,575686312,85833
m,3,576478218,79389
m,3,577107644,84000
m,3,577759626,83092
m,3,578399366,83704
m,3,578926088,154778
m,3,579559756,83611
m,3,580224698,149370
m,3,580914014,85500
m,3,581593958,82222
m,3,582188958,83444
m,3,582744752,85963
m,3,583349161,83778
m,3,584046142,80352
m,3,584659977,84500
m,3,585363625,82000
m,3,585892290,82963
m,3,586512179,82741
m,3,587044829,85111
m,3,587845087,80203
m,3,588509030,83722
m,3,589152939,83870
m,3,589707754,83315
m,3,590311977,83297
m,3,590858756,84167
m,3,591610163,82834
m,3,592298980,84666
m,3,592897480,54185
m,3,593423738,84556
m,3,594061275,53611
m,3,594611794,83963
m,3,595417979,77334
m,3,596199907,80389
m,3,596821407,78944
m,3,597415037,75389
m,3,598038593,78444
m,3,598603981,79075
m,3,599421223,74444
m,3,600185298,81019
m,3,600800927,84704
m,3,601273409,81648
m,3,601973520,102537
m,3,602608372,78037
m,3,603350762,75592
m,3,604584298,758500
m,3,605826389,150500
m,3,606469184,90315
m,3,607057036,147074
m,3,607930758,79315
m,3,608755609,83870
m,3,609414386,78056
m,3,609991813,79815
m,3,610671648,79222
m,3,611459147,81278
m,3,612068054,77315
m,3,612816573,158166
m,3,613451481,85963
m,3,614048628,54241
m,3,614619537,83666
m,3,615449907,84722
m,3,616058926,79130
m,3,616833612,82482
m,3,617393575,78649
m,3,617992779,75297
m,3,618548223,94074
m,3,619396777,79111
m,3,620012127,55241
m,3,620794703,77703
m,3,621445370,72241
m,3,622112610,85908
m,3,622712407,122963
m,3,623578759,77815
m,3,624229462,76241
m,3,624958572,81389
m,3,625570127,81797
m,3,626137999,74537
m,3,626755294,81834
m,3,627482923,81426
m,3,628144183,76166
m,3,628907703,81556
m,3,629473482,75481
m,3,630084203,82148
m,3,630651760,82037
m,3,631463317,78203
m,3,632016242,87371
m,3,632821782,78149
m,3,633427728,77166
m,3,634007969,55945
m,3,634615228,82185
m,3,635361673,77907
m,3,635981561,81389
m,3,636698709,151037
m,3,637336874,56666
m,3,637934762,55574
m,3,638493928,56037
m,3,639285890,80871
m,3,639830797,56093
m,3,640635280,85093
m,3,641170094,153018
m,3,641797038,56148
m,3,642404465,55741
m,3,643159725,81740
m,3,643778633,56463
m,3,644513801,85296
m,3,645121246,55814
m,3,645690579,74797
m,3,646367009,77981
m,3,647171158,74592
m,3,647855343,77834
m,3,648608990,86926
m,3,649172267,56889
m,3,649775877,56260
m,3,650318063,146167
m,3,651183083,55778
m,3,651745083,128204
m,3,652489861,55926
m,3,653086341,54408
m,3,653649561,61074
m,3,654255581,55277
m,3,654950414,56371
m,3,655573007,54797
m,3,656227063,90796
m,3,656829156,57000
m,3,657377582,54352
m,3,657978525,54444
m,3,658615193,60314
m,3,659283582,54204
m,3,659893139,122148
m,3,660513416,54667
m,3,661087470,56426
m,3,661654784,55296
m,3,662371265,55833
m,3,662947525,55426
m,3,663664006,57223
m,3,664217969,54389
m,3,664816023,54630
m,3,665366504,54278
m,3,666081115,55870
m,3,666716726,55815
m,3,667355987,54334
m,3,667860821,157518
m,3,668520429,55815
m,3,669116927,54074
m,3,669805242,58204
m,3,670432872,54629
m,3,671071796,55686
m,3,671671035,54519
m,3,672206628,54148
m,3,672783517,54352
m,3,673440517,57426
m,3,674229390,55852
m,3,674790502,54185
m,3,675367075,54611
m,3,675873094,54704
m,3,676489705,54759
m,3,677131242,58055
m,3,677983518,58649
m,3,678514480,58019
m,3,679194722,94481
m,3,679872315,54704
m,3,680396261,121148
m,3,681200040,56389
m,3,681815056,54241
m,3,682472521,55481
m,3,683062800,54426
m,3,683599579,54648
m,3,684204764,54760
m,3,684893691,56296
m,3,685630653,56297
m,3,686188340,53870
m,3,686778062,56463
m,3,687309062,54037
m,3,688102322,56352
m,3,688667359,54389
m,3,689423324,56166
m,3,689994638,54018
m,3,690570434,53778
m,3,691107193,54240
m,3,691827468,55796
m,3,692365766,54074
m,3,693063415,55519
m,3,693601619,54204
m,3,694187435,54426
m,3,694743415,54167
m,3,695492621,56166
m,3,696054768,53723
m,3,696812991,55204
m,3,697350713,54055
m,3,697931898,54203
m,3,698477083,54000
m,3,699193082,55648
m,3,699741860,55018
m,3,700450656,55537
m,3,701006785,54778
m,3,701632268,54408
m,3,702192381,53407
m,3,702833493,126944
m,3,703489123,54777
m,3,704113474,62463
m,3,704760825,53963
m,3,705269991,121000
m,3,705887879,53908
m,3,706649251,93000
m,3,707341567,58130
m,3,708078233,59092
m,3,708733232,58074
m,3,709363919,58666
m,3,709988473,58482
m,3,710752954,59500
m,3,711373414,135592
m,3,712196967,58426
m,3,712683300,58648
m,3,713425615,90519
m,3,714042097,94223
m,3,715021726,94148
m,3,715694893,171148
m,3,716587374,88574
m,3,717182874,58148
m,3,717819782,92667
m,3,718426187,90111
m,3,719266020,92908
m,3,719894317,59352
m,3,720675427,58889
m,3,721341928,57648
m,3,721885133,58630
m,3,722569910,59815
m,3,723258559,59593
m,3,723920338,56667
m,3,724626634,57574
m,3,725168968,132944
m,3,725822912,56926
m,3,726376710,177370
m,3,727254154,59296
m,3,727807766,58296
m,3,728634471,58500
m,3,729188212,129185
m,3,729827287,56278
m,3,730446379,57870
m,3,731314083,83519
m,3,732043174,88389
m,3,732982378,85500
m,3,733562062,194000
m,3,734261323,58482
m,3,734880860,56907
m,3,735631231,59667
m,3,736297490,57463
m,3,737005266,60593
m,3,737617803,56296
m,3,738372617,60092
m,3,738998727,58148
m,3,739797670,58500
m,3,740438762,58167
m,3,741170742,59222
m,3,741782315,56426
m,3,742301168,56703
m,3,743022611,57556
m,3,743753556,60555
m,3,744573630,58148
m,3,745107462,129537
m,3,745755442,58592
m,3,746302924,125889
m,3,746931035,55926
m,3,747713386,60037
m,3,748480534,58296
m,3,749072424,55722
m,3,749608127,55685
m,3,750198867,55666
m,3,750756795,57870
m,3,751576426,59945
m,3,752312795,57704
m,3,752903424,56408
m,3,753458961,56797
m,3,754081130,55703
m,3,754611408,87518
m,3,755545724,88500
m,3,756350726,58944
m,3,757010689,86481
m,3,757601301,57444
m,3,758215394,57871
m,3,758786248,56574
m,3,759559545,57593
m,3,760143377,54574
m,3,760853082,55944
m,3,761367785,56370
m,3,761911711,58537
m,3,762639654,56167
m,3,763324452,129962
m,3,764105673,58685
m,3,764695506,56315
m,3,765239931,56575
m,3,765829247,57371
m,3,766558914,59741
m,3,767125693,59815
m,3,767930860,60370
m,3,768524154,58760
m,3,769135005,55037
m,3,769671228,54166
m,3,770434765,56537
m,3,770979375,54426
m,3,771696632,56167
m,3,772227040,57296
m,3,772822484,57426
m,3,773372615,57037
m,3,774141114,56852
m,3,774683523,55092
m,3,775439170,55889
m,3,775948929,57889
m,3,776570485,54667
m,3,777079559,124871
m,3,777832094,56056
m,3,778470354,54371
m,3,779134614,56611
m,3,779715057,54500
m,3,780261667,55185
m,3,780844351,54315
m,3,781563220,59444
m,3,782157425,54963
m,3,782837426,56630
m,3,783418092,55352
m,3,783952629,54111
m,3,784527260,54389
m,3,785210593,55945
m,3,785807111,56056
m,3,786513111,55926
m,3,787092703,59223
m,3,787615167,54611
m,3,788222299,55685
m,3,788877281,126240
m,3,789496837,55759
m,3,790178412,55166
m,3,790714486,56037
m,3,791315928,54555
m,3,791860911,55204
m,3,792603634,56518
m,3,793178227,54500
m,3,793879615,55722
m,3,794414838,55092
m,3,794998671,54037
m,3,795507560,53889
m,3,796247173,58000
m,3,796781080,55870
m,3,797519451,55666
m,3,798076431,57833
m,3,798662430,54055
m,3,799203207,54796
m,3,799959020,56704
m,3,800517225,57129
m,3,801213501,56056
m,3,801720203,54778
m,3,802335964,54315
m,3,802848853,121185
m,3,803600112,56463
m,3,804210686,55371
m,3,804846907,57926
m,3,805428110,54778
m,3,805961555,57519
m,3,806541150,54796
m,3,807216742,55667
m,3,807848555,55000
m,3,808491185,55000
m,3,809098200,54297
m,3,809615866,58778
m,3,810231071,54148
m,3,810871387,123797
m,3,811524406,54649
m,3,812209666,55463
m,3,812738627,54333
m,3,813323699,53778
m,3,813850754,53889
m,3,814558884,56018
m,3,815105087,54852
m,3,815802884,58166
m,3,816350957,56760
m,3,816992662,59204
m,3,817559125,58259
m,3,818369809,62315
m,3,819236698,59555
m,3,819793661,58018
m,3,820482292,59537
m,3,820887402,61500
m,3,821028902,59296
m,3,821874569,68037
m,3,822911013,59222
m,3,823581458,60611
m,3,824182718,101630
m,3,824971977,58666
m,3,825526626,140629
m,3,826446164,98778
m,3,827414682,58500
m,3,827987867,58649
m,3,828609461,59241
m,3,829225311,58982
m,3,829839497,57815
m,3,830618276,60592
m,3,831312368,133648
m,3,831966515,59000
m,3,832513494,58760
m,3,833161105,60426
m,3,833691566,56166
m,3,834511251,60018
m,3,835084065,57740
m,3,835873545,58556
m,3,836434489,58797
m,3,837058971,58445
m,3,837779288,58092
m,3,838439099,56926
m,3,839205637,59018
m,3,839801561,56481
m,3,840323656,63277
m,3,841043267,63371
m,3,841986155,61759
m,3,842618599,188222
m,3,843487301,58982
m,3,844011985,127149
m,3,844625856,56463
m,3,845213261,56185
m,3,845972947,57593
m,3,846574819,56315
m,3,847332820,58463
m,3,847930265,58056
m,3,848496133,58463
m,3,849109133,56703
m,3,849900596,57851
m,3,850505354,59074
m,3,851217373,58926
m,3,851812690,56333
m,3,852364766,56222
m,3,852961189,56148
m,3,853673523,64537
m,3,854349133,67297
m,3,855097133,57907
m,3,855692817,56130
m,3,856253632,57834
m,3,856853187,56278
m,3,857667408,58741
m,3,858289279,55629
m,3,858981946,58352
m,3,859575818,55630
m,3,860098558,60148
m,3,860728520,56315
m,3,861435761,135668
m,3,862076634,56055
m,3,862788431,126982
m,3,863400930,56222
m,3,863846042,57518
m,3,864544614,59389
m,3,865448762,68018
m,3,866099816,59574
m,3,866896557,59314
m,3,867441909,56389
m,3,868030741,56686
m,3,868577280,56814
m,3,869573335,57574
m,3,870169224,54426
m,3,870885541,55518
m,3,871413780,54241
m,3,871991873,54574
m,3,872534262,53907
m,3,873286949,56425
m,3,873850763,56870
m,3,874550631,60148
m,3,875183759,54944
m,3,875701888,54055
m,3,876313055,55925
m,3,877055536,56574
m,3,877643961,54278
m,3,878333370,55740
m,3,878876684,53370
m,3,879453701,53815
m,3,880003886,54259
m,3,880724814,54833
m,3,881367631,54018
m,3,882003336,59926
m,3,882628633,53667
m,3,883135170,58870
m,3,883748893,53426
m,3,884406392,59334
m,3,885053226,54222
m,3,885667281,60963
m,3,886236947,57981
m,3,886901613,54926
m,3,887445557,54222
m,3,888199669,57018
m,3,888758077,54315
m,3,889472151,55889
m,3,890000227,54685
m,3,890650784,54556
m,3,891213024,54426
m,3,891981246,56315
m,3,892537189,54315
m,3,893245318,55797
m,3,893814876,53925
m,3,894390224,53408
m,3,894967318,53889
m,3,895689948,55630
m,3,896260282,53648
m,3,896938336,55333
m,3,897467744,53482
m,3,898052986,53388
m,3,898587950,53963
m,3,899317560,56537
m,3,900010206,54796
m,3,900589427,53685
m,3,901134223,54000
m,3,901715075,53722
m,3,902264705,53926
m,3,903003167,56519
m,3,903684886,54981
m,3,904191737,120890
m,3,904793107,53926
m,3,905369071,54352
m,3,905936036,53851
m,3,906654202,55649
m,3,907336961,56259
m,3,907912277,53963
m,3,908445387,53852
m,3,909022905,54352
m,3,909571370,54074
m,3,910324110,56129
m,3,910883221,54093
m,3,911537520,56092
m,3,912163667,53667
m,3,912669796,121426
m,3,913422740,56666
m,3,914033165,53908
m,3,914677871,55648
m,3,915252796,53704
m,3,915784834,53982
m,3,916358315,54055
m,3,917031596,55296
m,3,917620856,54426
m,3,918320781,56148
m,3,918905468,54093
m,3,919437542,54037
m,3,920026172,53741
m,3,920742858,55889
m,3,921340116,53908
m,3,922017414,55148
m,3,922597804,53407
m,3,923124692,53889
m,3,923706043,53908
m,3,924441377,69556
m,3,925130083,68371
m,3,925818379,68537
m,3,926508508,58796
m,3,927074005,56704
m,3,927687432,58278
m,3,928474395,68592
m,3,929162541,59575
m,3,929903634,59593
m,3,930505486,63129
m,3,931152875,59259
m,3,931727189,58926
m,3,932587096,190056
m,3,932865874,58796
m,3,934082263,60167
m,3,934681244,56352
m,3,935256857,57778
m,3,935886633,57796
m,3,936638911,59278
m,3,937318727,57370
m,3,938098392,58852
m,3,938680707,57037
m,3,939312559,57667
m,3,939887521,57408
m,3,940296817,58778
m,3,941177927,56296
m,3,941904000,56908
m,3,942494963,54574
m,3,943044743,56889
m,3,943671725,61278
m,3,944463520,58778
m,3,945017427,134926
m,3,945800113,58481
m,3,946387891,55204
m,3,946950909,64315
m,3,947553242,56445
m,3,948288559,57666
m,3,948916150,61629
m,3,949756630,63056
m,3,950408890,62370
m,3,951007131,59611
m,3,951629151,64407
m,3,952372461,58908
m,3,953032516,57982
m,3,953785388,58538
m,3,954338979,58130
m,3,954796534,58351
m,3,955496864,57149
m,3,956275218,60241
m,3,956911847,61426
m,3,957655090,58926
m,3,958246738,56019
m,3,958769144,55833
m,3,959396572,58185
m,3,960114608,59685
m,3,960753775,57223
m,3,961424887,131481
m,3,962049813,56444
m,3,962645851,56482
m,3,963217646,56481
m,3,964012773,60186
m,3,964591089,56333
m,3,965338644,59648
m,3,965895199,56463
m,3,966519068,55834
m,3,967040123,56185
m,3,967854142,59963
m,3,968386419,56741
m,3,969165437,58518
m,3,969688104,127814
m,3,970308603,57870
m,3,970906732,55593
m,3,971661029,59944
m,3,972410027,56981
m,3,973030879,58611
m,3,973653119,62111
m,3,974269769,66056
m,3,974857490,63148
m,3,975696787,58352
m,3,976358601,62055
m,3,976980915,56926
m,3,977556101,54796
m,3,978137788,57908
m,3,978691733,54889
m,3,979447195,56667
m,3,980146638,55148
m,3,980729897,54167
m,3,981281211,54611
m,3,981789564,121758
m,3,982409674,53537
m,3,983077878,55203
m,3,983819990,55074
m,3,984327155,53944
m,3,984934191,53797
m,3,985441247,53925
m,3,986094023,54037
m,3,986754245,56037
m,3,987400856,55556
m,3,988027985,56500
m,3,988656115,53963
m,3,989194191,53555
m,3,989928560,55926
m,3,990465319,53463
m,3,991198968,55944
m,3,991740951,54018
m,3,992323376,53630
m,3,992868265,53722
m,3,993592337,56019
m,3,994145801,53574
m,3,994862357,54574
m,3,995404155,53852
m,3,995977323,53815
m,3,996521267,53796
m,3,997260508,55352
m,3,997811048,54259
m,3,998502937,59352
m,3,999314917,58167
m,3,999827750,53889
m,4,460934,53834
m,4,1219025,56352
m,4,1746766,55574
m,4,2445987,55648
m,4,2997506,55000
m,4,3643765,58314
m,4,4125152,54963
m,4,4948006,58111
m,4,5525819,55167
m,4,6286262,56704
m,4,6807448,59500
m,4,7419188,54019
m,4,7930390,59241
m,4,8728538,57389
m,4,9282762,54314
m,4,10038888,56759
m,4,10580055,54481
m,4,11168499,54260
m,4,11677648,54148
m,4,12478741,55074
m,4,13045850,53741
m,4,13793352,56426
m,4,14319575,54204
m,4,14939777,53815
m,4,15472648,62741
m,4,16248945,58870
m,4,16804076,55037
m,4,17523705,56111
m,4,18039019,54130
m,4,18652092,54241
m,4,19165389,122574
m,4,19921241,55908
m,4,20447464,123482
m,4,21163020,55593
m,4,21672409,124203
m,4,22294335,53945
m,4,22804316,57667
m,4,23577202,55871
m,4,24147962,53741
m,4,24891444,55296
m,4,25408961,54056
m,4,26018185,53759
m,4,26527351,53852
m,4,27279146,55834
m,4,27804332,54463
m,4,28550795,55426
m,4,29058426,57814
m,4,29676242,53778
m,4,30187855,54260
m,4,30935613,55519
m,4,31461688,54241
m,4,32186002,61703
m,4,32803500,60723
m,4,33379798,57778
m,4,33926519,60944
m,4,34769646,59593
m,4,35319830,68204
m,4,36172423,60463
m,4,36725664,59019
m,4,37328070,57555
m,4,37890811,58574
m,4,38687978,63833
m,4,39351126,58259
m,4,40114311,69408
m,4,40805310,59667
m,4,41392737,65630
m,4,42020088,56944
m,4,42767531,59463
m,4,43409753,58093
m,4,44207809,63759
m,4,44749161,58167
m,4,45278051,58352
m,4,45913903,59463
m,4,46755458,60556
m,4,47543587,59500
m,4,48165311,57833
m,4,48731827,56686
m,4,49315344,54296
m,4,49871789,56778
m,4,50647881,59204
m,4,51396937,58389
m,4,52019567,57574
m,4,52559548,55815
m,4,53156362,55889
m,4,53726991,58611
m,4,54513472,59296
m,4,55251008,57149
m,4,55931248,60982
m,4,56576250,63352
m,4,57190269,65352
m,4,57849807,57667
m,4,58570807,59834
m,4,59394472,57481
m,4,59916786,124445
m,4,60551098,57889
m,4,61147135,55426
m,4,61833023,57648
m,4,62572895,59056
m,4,63136877,61500
m,4,63906360,58278
m,4,64468636,56463
m,4,65065265,57334
m,4,65821820,57926
m,4,66430006,57093
m,4,67135081,57111
m,4,67721007,56296
m,4,68249694,58667
m,4,68881655,55333
m,4,69587339,57796
m,4,70209135,55889
m,4,70960970,125611
m,4,71583822,57259
m,4,72184543,57445
m,4,72723544,56166
m,4,73558934,57833
m,4,74111452,57352
m,4,74881395,57704
m,4,75432748,56185
m,4,76022080,56574
m,4,76572320,56056
m,4,77366357,57871
m,4,77901339,66519
m,4,78704877,58148
m,4,79325747,59056
m,4,79951100,62482
m,4,80572266,60759
m,4,81465434,59241
m,4,82092992,57685
m,4,82774863,128278
m,4,83417327,56611
m,4,84007588,54037
m,4,84534534,54389
m,4,85324941,59907
m,4,85881682,54462
m,4,86577200,56204
m,4,87128330,54259
m,4,87709551,54000
m,4,88271146,54093
m,4,89009515,56130
m,4,89551793,55889
m,4,90256625,57019
m,4,90797846,55000
m,4,91383735,54537
m,4,91937863,56815
m,4,92699548,56222
m,4,93319807,54259
m,4,93949770,61722
m,4,94563419,54907
m,4,95070936,121425
m,4,95688584,54315
m,4,96419363,56370
m,4,96961679,54111
m,4,97583436,125574
m,4,98198843,53908
m,4,98777600,54222
m,4,99331878,53944
m,4,100039120,55204
m,4,100601583,54129
m,4,101245713,55407
m,4,101848304,54055
m,4,102359339,56333
m,4,102974469,55871
m,4,103615654,55408
m,4,104278155,54185
m,4,104896898,55704
m,4,105507176,53815
m,4,106012971,54334
m,4,106625212,54444
m,4,107346508,56204
m,4,107873213,54981
m,4,108643156,55296
m,4,109149397,59463
m,4,109770192,56944
m,4,110283414,54426
m,4,111039580,56648
m,4,111601191,106056
m,4,112315987,54833
m,4,112853506,54056
m,4,113440617,54074
m,4,113950118,53870
m,4,114690931,55611
m,4,115335133,55463
m,4,115927447,54296
m,4,116481354,54259
m,4,117058521,54000
m,4,117637241,55297
m,4,118359962,55815
m,4,118925924,55722
m,4,119608999,57759
m,4,120145944,54037
m,4,120730073,54981
m,4,121262001,53815
m,4,121992037,58741
m,4,122715646,56537
m,4,123290960,57944
m,4,123864276,53908
m,4,124447297,54833
m,4,124992611,54703
m,4,125739926,56130
m,4,126413963,55796
m,4,126988205,54277
m,4,127539890,54093
m,4,128125315,53796
m,4,128665020,54074
m,4,129401761,56944
m,4,130085763,55352
m,4,130663818,53908
m,4,131190746,53463
m,4,131769023,54130
m,4,132301008,53852
m,4,133031174,55944
m,4,133959507,59482
m,4,134474359,57093
m,4,135096803,53611
m,4,135646895,56260
m,4,136366066,56055
m,4,136961807,54129
m,4,137528510,54092
m,4,138257084,58889
m,4,138849381,57592
m,4,139510623,57389
m,4,140240772,73185
m,4,140928234,57741
m,4,141632827,57296
m,4,142269995,58129
m,4,142808403,71371
m,4,143499755,58277
m,4,144291791,59167
m,4,144940827,57204
m,4,145735473,69148
m,4,146348880,58574
m,4,146977123,180963
m,4,147835270,58593
m,4,148666107,59277
m,4,149232105,67889
m,4,149968438,60426
m,4,150622309,66481
m,4,151210753,57685
m,4,151746457,57019
m,4,152548642,58481
m,4,153123105,58296
m,4,153850735,135203
m,4,154504844,57778
m,4,155030937,57167
m,4,155649953,54278
m,4,156377417,57426
m,4,157073490,57963
m,4,157618009,69463
m,4,158433470,58685
m,4,158956341,56815
m,4,159593007,55870
m,4,160319470,69240
m,4,160986599,55592
m,4,161650637,57203
m,4,162362379,59611
m,4,163029231,59278
m,4,163768454,59482
m,4,164588528,59407
m,4,165224084,57741
m,4,165929047,57870
m,4,166522436,56500
m,4,167084361,58481
m,4,167684824,55704
m,4,168444896,59445
m,4,169052306,57741
m,4,169809770,59315
m,4,170411864,57814
m,4,170973568,56055
m,4,171578328,58555
m,4,172290810,60130
m,4,172940642,57575
m,4,173629512,58649
m,4,174254772,55963
m,4,174775160,59278
m,4,175420846,60555
m,4,176129568,128259
m,4,176778421,56315
m,4,177555569,61297
m,4,178101700,57259
m,4,178638867,126741
m,4,179268978,55777
m,4,180046627,58704
m,4,180666110,56111
m,4,181421370,59074
m,4,181964183,56371
m,4,182557461,56389
m,4,183159497,57778
m,4,183943869,57704
m,4,184529740,56445
m,4,185319851,64278
m,4,185886537,68278
m,4,186532759,66703
m,4,187134055,58259
m,4,187923850,59223
m,4,188482315,58704
m,4,189212186,58592
m,4,189761815,53778
m,4,190367110,55463
m,4,190940164,54444
m,4,191710738,55796
m,4,192390590,55537
m,4,192977795,53926
m,4,193483758,53852
m,4,194100186,53592
m,4,194623130,56019
m,4,195375333,55686
m,4,195894498,127185
m,4,196635459,55148
m,4,197217514,53963
m,4,197751107,53667
m,4,198335700,53963
m,4,199036995,57223
m,4,199741921,56685
m,4,200322550,54278
m,4,200828401,54537
m,4,201430179,53630
m,4,201962568,54833
m,4,202739882,56278
m,4,203369717,55833
m,4,203973439,53148
m,4,204478939,53926
m,4,205081012,53593
m,4,205663015,53722
m,4,206364275,55481
m,4,207055128,55370
m,4,207590052,53963
m,4,208162517,53741
m,4,208701258,53741
m,4,209300944,53926
m,4,209974313,56166
m,4,210706388,55481
m,4,211213239,54667
m,4,211811035,53759
m,4,212317739,56241
m,4,213065091,55833
m,4,213651889,53611
m,4,214231907,53963
m,4,214877167,55611
m,4,215486003,53629
m,4,215990762,125463
m,4,216835022,58963
m,4,217514302,56981
m,4,218294320,149983
m,4,219012099,56260
m,4,219645896,59278
m,4,220292712,55518
m,4,221033026,58352
m,4,221751896,59111
m,4,222520192,63926
m,4,223151470,58241
m,4,223737100,60185
m,4,224321359,54407
m,4,225037656,55574
m,4,225650119,53685
m,4,226323527,56982
m,4,226904600,54055
m,4,227434544,53685
m,4,228065431,55889
m,4,228855003,55963
m,4,229582226,54037
m,4,230309782,56537
m,4,230842594,54334
m,4,231430652,54241
m,4,231942022,54037
m,4,232711002,56037
m,4,233250835,59685
m,4,234031094,56037
m,4,234542186,53833
m,4,235154705,58093
m,4,235669595,58759
m,4,236449353,56482
m,4,237024964,122074
m,4,237746446,55482
m,4,238280631,54296
m,4,238888243,53871
m,4,239400652,60982
m,4,240170321,56630
m,4,240690545,122963
m,4,241462431,57278
m,4,242046614,55111
m,4,242603891,56278
m,4,243183003,53685
m,4,243872705,57112
m,4,244467411,54500
m,4,245120356,55389
m,4,245687597,146705
m,4,246354154,55815
m,4,246528469,60592
m,4,247496246,59389
m,4,248151580,57907
m,4,248897097,59297
m,4,249501392,57186
m,4,250058930,58074
m,4,250704688,68667
m,4,251626467,60611
m,4,252229188,55945
m,4,252916484,63352
m,4,253591687,57241
m,4,254204537,58056
m,4,254871910,166463
m,4,255908612,59889
m,4,256607334,56741
m,4,257355427,59759
m,4,257945020,56129
m,4,258563149,57463
m,4,259193759,58667
m,4,259945444,58611
m,4,260601961,57834
m,4,261336423,60667
m,4,261883905,135518
m,4,262517071,57537
m,4,263144664,63889
m,4,263917922,59611
m,4,264516404,131758
m,4,265277144,58111
m,4,265991515,139760
m,4,266664015,57038
m,4,267199591,55981
m,4,268012408,58241
m,4,268745225,56963
m,4,269358649,57741
m,4,269898908,55166
m,4,270549591,61852
m,4,271180074,61574
m,4,272181815,70074
m,4,272815574,58759
m,4,273610926,61982
m,4,274171426,56982
m,4,274766000,57908
m,4,275323186,56519
m,4,276141000,60815
m,4,276842591,57667
m,4,277460703,56370
m,4,278011036,61685
m,4,278653388,56334
m,4,279182016,58538
m,4,280002535,59871
m,4,280764999,59259
m,4,281324446,55981
m,4,281918759,56741
m,4,282460833,55945
m,4,283059537,58241
m,4,283812870,64593
m,4,284546370,63315
m,4,285184463,56463
m,4,285702761,57963
m,4,286338428,56722
m,4,286939577,56592
m,4,287767205,63037
m,4,288484351,59666
m,4,289034463,56666
m,4,289619111,56407
m,4,290137500,55889
m,4,290954669,58797
m,4,291489208,56834
m,4,292134190,56759
m,4,292823042,60018
m,4,293445245,57092
m,4,294022930,62408
m,4,294895764,58759
m,4,295472524,58963
m,4,296324022,58740
m,4,296847411,57000
m,4,297451504,55574
m,4,297969483,57482
m,4,298763963,56370
m,4,299295908,59518
m,4,300077499,55852
m,4,300615111,54370
m,4,301202816,53796
m,4,301726724,54148
m,4,302452704,55370
m,4,302990054,54111
m,4,303685778,55333
m,4,304215279,53741
m,4,304807410,53944
m,4,305350762,54314
m,4,306091261,55556
m,4,306667503,54037
m,4,307377706,56833
m,4,307915908,54130
m,4,308495261,53870
m,4,309034409,54351
m,4,309780167,56278
m,4,310353963,55167
m,4,311068575,56278
m,4,311606685,54315
m,4,312180054,54055
m,4,312726536,54333
m,4,313452408,55815
m,4,313994057,54111
m,4,314711872,54814
m,4,315218853,54315
m,4,315839185,53704
m,4,316347592,53889
m,4,317123222,56371
m,4,317658907,53704
m,4,318363222,55296
m,4,318888497,53944
m,4,319483868,53852
m,4,320009293,56203
m,4,320811476,56500
m,4,321335382,53907
m,4,322088158,56074
m,4,322597587,56463
m,4,323204459,53703
m,4,323719347,125574
m,4,324468030,55741
m,4,325105382,53593
m,4,325805234,55278
m,4,326312548,54315
m,4,326927642,53704
m,4,327443366,54370
m,4,328208033,56370
m,4,328804680,53574
m,4,329450663,55759
m,4,330025423,54444
m,4,330561202,53908
m,4,331144664,54204
m,4,331822829,56092
m,4,332372718,54204
m,4,333109310,55759
m,4,333616680,54204
m,4,334222791,54204
m,4,334736141,122204
m,4,335490697,57741
m,4,336052846,56371
m,4,336776197,60093
m,4,337296142,55685
m,4,337907717,53407
m,4,338416921,58018
m,4,339165771,56093
m,4,339794660,55556
m,4,340394549,53815
m,4,340898716,54185
m,4,341513106,54092
m,4,342027162,121666
m,4,342809587,56352
m,4,343456161,54648
m,4,344065902,53612
m,4,344570866,54185
m,4,345193420,54315
m,4,345751754,56575
m,4,346521848,56148
m,4,347070238,54129
m,4,347792182,55611
m,4,348309589,58833
m,4,348927478,54482
m,4,349438720,55722
m,4,350201997,55500
m,4,350846905,55389
m,4,351427439,54018
m,4,351956827,57852
m,4,352547585,53463
m,4,353107901,57723
m,4,353909901,59000
m,4,354653902,56777
m,4,355296605,57130
m,4,355842734,57297
m,4,356441288,57611
m,4,356993587,58648
m,4,357863956,61741
m,4,358602679,64852
m,4,359063161,56889
m,4,359671198,57926
m,4,360215144,136796
m,4,361131867,66648
m,4,361903829,59167
m,4,362625570,68500
m,4,363272570,56592
m,4,363820754,57852
m,4,364452919,58519
m,4,365203253,62167
m,4,365869754,57167
m,4,366441550,59166
m,4,367231215,59389
m,4,367783660,58222
m,4,368438567,57297
m,4,369168772,67852
m,4,369797717,56648
m,4,370513180,57815
m,4,371096384,53796
m,4,371654218,56982
m,4,372271420,57556
m,4,373045288,65315
m,4,373663530,56611
m,4,374336565,56741
m,4,374955063,56889
m,4,375511227,59204
m,4,376142375,56074
m,4,376922617,57703
m,4,377495951,60926
m,4,378323451,65445
m,4,378912284,61870
m,4,379540545,67870
m,4,380114156,58704
m,4,380932266,59148
m,4,381472933,55648
m,4,382246822,58555
m,4,382773601,127444
m,4,383400932,56593
m,4,383988022,56315
m,4,384721244,59148
m,4,385328243,55074
m,4,386017282,58796
m,4,386641633,56574
m,4,387175615,128445
m,4,387804338,57333
m,4,388580300,58055
m,4,389139319,56055
m,4,389892376,59611
m,4,390407782,59889
m,4,391027561,56130
m,4,391615266,55648
m,4,392356747,58704
m,4,392955362,56370
m,4,393617896,58278
m,4,394230562,55445
m,4,394820803,55926
m,4,395576044,59926
m,4,396393582,58148
m,4,396989526,55629
m,4,397724284,57778
m,4,398236580,55852
m,4,398853210,55648
m,4,399447190,60556
m,4,400222781,60445
m,4,400835541,67463
m,4,401614893,57982
m,4,402202655,55500
m,4,402719395,56740
m,4,403411709,58482
m,4,404184062,65981
m,4,404824967,64111
m,4,405596335,67685
m,4,406213614,56518
m,4,406745521,55000
m,4,407398021,55204
m,4,408101095,128629
m,4,408788167,58574
m,4,409548186,57648
m,4,410085758,54111
m,4,410683555,53833
m,4,411262148,60611
m,4,412056574,56574
m,4,412707721,54370
m,4,413316223,55888
m,4,413926000,54222
m,4,414499759,54203
m,4,415030834,53963
m,4,415771150,56278
m,4,416471077,55926
m,4,416969393,54555
m,4,417569801,54111
m,4,418144948,53908
m,4,418679800,53963
m,4,419419373,55852
m,4,420122300,55778
m,4,420662170,53648
m,4,421243450,53518
m,4,421745137,55537
m,4,422360120,54223
m,4,423093026,55852
m,4,423623711,54426
m,4,424299839,55500
m,4,424808358,126221
m,4,425409840,53370
m,4,426026266,53667
m,4,426666471,55444
m,4,427454973,55166
m,4,428028918,55296
m,4,428538733,55334
m,4,429167121,53852
m,4,429743712,53778
m,4,430397695,56222
m,4,431144029,55185
m,4,431715789,54037
m,4,432218585,54278
m,4,432821454,58834
m,4,433447474,53667
m,4,434142085,57371
m,4,434879679,54741
m,4,435388178,53648
m,4,436016011,53389
m,4,436522382,55129
m,4,437289474,55796
m,4,437805105,121666
m,4,438587494,55648
m,4,439093974,122797
m,4,439697347,53630
m,4,440276512,53519
m,4,440990344,55685
m,4,441572214,53667
m,4,442131843,54463
m,4,442810974,55815
m,4,443359752,53852
m,4,443932604,53649
m,4,444583347,55796
m,4,445204789,53555
m,4,445853641,54444
m,4,446486287,53666
m,4,446990083,53741
m,4,447597102,53333
m,4,448236957,123481
m,4,448848900,55537
m,4,449482900,57500
m,4,450087197,53537
m,4,450668380,60111
m,4,451212120,53259
m,4,451920900,55778
m,4,452467011,54111
m,4,453097529,122630
m,4,453697715,53833
m,4,454268400,53963
m,4,454804306,53463
m,4,455608809,59445
m,4,456270199,57481
m,4,457104847,149834
m,4,457762401,58722
m,4,458316365,58167
m,4,458846661,58685
m,4,459669476,59630
m,4,460223773,56111
m,4,460969162,56204
m,4,461474921,53537
m,4,462082254,53611
m,4,462662976,53648
m,4,463327382,55611
m,4,464003661,53240
m,4,464632106,54870
m,4,465248123,54315
m,4,465759753,55315
m,4,466373383,54074
m,4,467096312,61611
m,4,467749831,57482
m,4,468434776,67204
m,4,469038274,58259
m,4,469658531,58500
m,4,470202013,60166
m,4,471056753,57037
m,4,471620215,54259
m,4,472281844,60796
m,4,472899307,54185
m,4,473444400,152314
m,4,474131364,59537
m,4,474885161,145351
m,4,475573437,57241
m,4,476091587,64666
m,4,476767198,58222
m,4,477603605,168481
m,4,478339219,59537
m,4,479163460,61204
m,4,479773995,55741
m,4,480504107,133981
m,4,481157439,57334
m,4,481767550,57408
m,4,482389718,57130
m,4,483156811,58704
m,4,483821293,60778
m,4,484575628,60629
m,4,485193088,59648
m,4,485749459,57185
m,4,486380554,54982
m,4,487125645,62370
m,4,487770774,57240
m,4,488489142,59815
m,4,489104251,58038
m,4,489657971,56111
m,4,490252526,55370
m,4,491015449,67852
m,4,491810006,57981
m,4,492357359,67815
m,4,493037267,62741
m,4,493688471,60871
m,4,494321399,68778
m,4,495177250,60611
m,4,495915953,57981
m,4,496530194,55648
m,4,497048138,128852
m,4,497669303,58130
m,4,498304154,58278
m,4,499086284,61241
m,4,499696265,57223
m,4,500399710,60407
m,4,501000301,56111
m,4,501556338,56703
m,4,502170339,58611
m,4,502923932,59537
m,4,503577970,59037
m,4,504285432,59815
m,4,504920858,57186
m,4,505469619,56407
m,4,506067063,56740
m,4,506777930,59926
m,4,507557877,57759
m,4,508085431,57833
m,4,508705285,56167
m,4,509225747,130444
m,4,509860451,56352
m,4,510658617,60500
m,4,511368357,58741
m,4,511955672,55999
m,4,512513506,55796
m,4,513104376,55130
m,4,513851579,57518
m,4,514452154,55370
m,4,515152856,57167
m,4,515801505,59037
m,4,516370709,58500
m,4,517023174,59388
m,4,517808857,57111
m,4,518404226,55296
m,4,518955726,55704
m,4,519675559,57185
m,4,520217947,58815
m,4,520796524,54186
m,4,521466212,56778
m,4,522083676,57741
m,4,522738342,58463
m,4,523343732,54314
m,4,523859176,54037
m,4,524468693,54241
m,4,525109879,124573
m,4,525943803,60260
m,4,526656619,55666
m,4,527184287,54481
m,4,527772526,54482
m,4,528313009,55371
m,4,529061861,56389
m,4,529578956,53778
m,4,530378012,60444
m,4,530893347,54685
m,4,531494681,54204
m,4,532007348,58500
m,4,532806439,57278
m,4,533344754,122686
m,4,534073884,56482
m,4,534585885,54167
m,4,535201109,54074
m,4,535708536,121667
m,4,536451554,55871
m,4,537080182,55222
m,4,537754999,55889
m,4,538265517,121241
m,4,538820962,56796
m,4,539366132,53888
m,4,540180870,56519
m,4,540697574,55019
m,4,541450353,56463
m,4,541958113,54407
m,4,542589631,54204
m,4,543116519,56667
m,4,543900038,56944
m,4,544433797,123629
m,4,545162019,57611
m,4,545673760,54407
m,4,546289444,56519
m,4,546807944,54314
m,4,547602368,56482
m,4,548163349,54259
m,4,548886219,56518
m,4,549393349,121278
m,4,549996073,53963
m,4,550577259,54055
m,4,551268464,56666
m,4,551865834,53723
m,4,552502907,55945
m,4,553082018,54482
m,4,553593480,55575
m,4,554199258,54259
m,4,554845534,59333
m,4,555477571,55297
m,4,556100386,55648
m,4,556718626,54130
m,4,557228309,121537
m,4,557837033,54000
m,4,558543608,56092
m,4,559098699,54240
m,4,559774181,56148
m,4,560305736,54555
m,4,560890588,54148
m,4,561403681,54426
m,4,562143586,56093
m,4,562770049,55445
m,4,563385865,54389
m,4,563890105,123519
m,4,564496344,54926
m,4,565073954,54130
m,4,565760050,56722
m,4,566457978,54888
m,4,566995349,54519
m,4,567575405,54407
m,4,568082941,54482
m,4,568707996,54297
m,4,569350663,56481
m,4,570116477,55556
m,4,570645053,54260
m,4,571222740,55759
m,4,571734093,55685
m,4,572341297,54297
m,4,572983670,58240
m,4,573628763,54852
m,4,574268965,55630
m,4,574889798,53593
m,4,575434799,58611
m,4,576088688,57575
m,4,576821913,59259
m,4,577647634,57926
m,4,578173968,57518
m,4,578856244,57796
m,4,579416134,71019
m,4,580049692,59277
m,4,580847376,60815
m,4,581570117,58963
m,4,582238912,58389
m,4,582779228,134667
m,4,583484877,141037
m,4,584303693,57908
m,4,584983415,59760
m,4,585773359,58167
m,4,586359009,58259
m,4,586991395,58260
m,4,587549228,57759
m,4,588338654,58407
m,4,588891320,55444
m,4,589723616,59963
m,4,590307673,58148
m,4,590820858,57463
m,4,591436784,57574
m,4,592200229,58037
m,4,592801877,54111
m,4,593343599,58259
m,4,594126488,58185
m,4,594673655,60963
m,4,595315097,56889
m,4,596102562,63852
m,4,596664561,56297
m,4,597416952,60444
m,4,597976209,57222
m,4,598570522,54630
m,4,599101355,60407
m,4,599995726,63315
m,4,600577782,62667
m,4,601438468,62111
m,4,601979948,58000
m,4,602622393,57870
m,4,603223726,58019
m,4,603996432,59315
m,4,604596894,56037
m,4,605295080,58111
m,4,605913875,55963
m,4,606503633,61908
m,4,607058838,58111
m,4,607884188,58278
m,4,608500614,58519
m,4,609248561,58537
m,4,609804154,57760
m,4,610397766,55889
m,4,610915209,56259
m,4,611718153,58703
m,4,612249951,61148
m,4,613036081,58593
m,4,613628934,61185
m,4,614171600,55907
m,4,614764563,56278
m,4,615502543,59537
m,4,616100987,56130
m,4,616809690,58889
m,4,617401895,55685
m,4,617915949,55556
m,4,618524151,55852
m,4,619229947,58926
m,4,619887373,56074
m,4,620587130,127833
m,4,621207832,56611
m,4,621798979,56148
m,4,622344442,59537
m,4,623137016,61851
m,4,623694126,58796
m,4,624485332,59203
m,4,625032830,58537
m,4,625671571,57963
m,4,626214256,56537
m,4,627026259,57204
m,4,627577926,55667
m,4,628328816,59648
m,4,628910297,59556
m,4,629444409,54907
m,4,630027668,53666
m,4,630765113,56278
m,4,631359745,54315
m,4,632063892,55889
m,4,632568876,54018
m,4,633178690,54592
m,4,633769080,54370
m,4,634416266,56018
m,4,635039967,55611
m,4,635704818,54981
m,4,636207615,53834
m,4,636814579,54851
m,4,637396060,56648
m,4,638059914,55888
m,4,638811690,55722
m,4,639388188,54444
m,4,639930742,54278
m,4,640510539,55963
m,4,641025798,54296
m,4,641785427,55759
m,4,642355817,53962
m,4,643072909,55574
m,4,643652189,54407
m,4,644236392,56203
m,4,644749356,54834
m,4,645551449,56463
m,4,646275133,55722
m,4,646812746,54203
m,4,647384044,56389
m,4,647955858,55907
m,4,648466990,54833
m,4,649224341,56871
m,4,649815229,58389
m,4,650427636,58111
m,4,651042379,56629
m,4,651616322,54111
m,4,652124840,54537
m,4,652879600,56315
m,4,653574454,56093
m,4,654146123,54314
m,4,654888954,57778
m,4,655476974,53833
m,4,655988659,54222
m,4,656792252,56222
m,4,657462178,55518
m,4,658080937,54240
m,4,658587621,53574
m,4,659160973,56389
m,4,659933010,56019
m,4,660492157,54055
m,4,661207804,55797
m,4,661738397,54056
m,4,662321916,54185
m,4,662851713,54055
m,4,663585825,56444
m,4,664102195,54167
m,4,664847715,55370
m,4,665356013,53834
m,4,665952846,53556
m,4,666509236,127000
m,4,667319867,55722
m,4,667852998,53759
m,4,668484313,62500
m,4,669124536,55241
m,4,669731723,53778
m,4,670237314,55259
m,4,670987351,55555
m,4,671515165,65723
m,4,672359460,58741
m,4,672899683,59370
m,4,673492961,56000
m,4,674008572,55703
m,4,674808182,57167
m,4,675339959,71445
m,4,676151903,63019
m,4,676788276,59944
m,4,677371810,59222
m,4,677914234,129629
m,4,678753195,56278
m,4,679357919,53871
m,4,680035437,55408
m,4,680607399,54519
m,4,681140584,58445
m,4,681760621,53389
m,4,682453305,59074
m,4,683087897,58944
m,4,683782877,56315
m,4,684295193,54167
m,4,684905767,54574
m,4,685456212,54445
m,4,686214861,55259
m,4,686738029,54963
m,4,687591121,61241
m,4,688160604,57630
m,4,688771456,58166
m,4,689355437,58463
m,4,690151121,67407
m,4,690771750,58278
m,4,691594380,71463
m,4,692213991,58241
m,4,692750415,124704
m,4,693185026,58389
m,4,694000822,60593
m,4,694680360,64889
m,4,695466915,59574
m,4,696166601,57463
m,4,696710176,61685
m,4,697340304,55426
m,4,698111175,60037
m,4,698827453,63167
m,4,699594139,58704
m,4,700125675,57963
m,4,700224490,56240
m,4,700851397,60575
m,4,701650657,163222
m,4,702389212,67148
m,4,703118342,56926
m,4,703715137,54926
m,4,704258396,54500
m,4,704854821,57297
m,4,705620285,59056
m,4,706208672,130741
m,4,707013710,57722
m,4,707533765,55334
m,4,708159395,64815
m,4,708700355,56297
m,4,709550172,61815
m,4,710166876,65166
m,4,711075541,63166
m,4,711731077,67019
m,4,712301375,58871
m,4,712983965,57944
m,4,713705520,60093
m,4,714555964,65482
m,4,715086889,56408
m,4,715712315,56426
m,4,716240888,58093
m,4,716868257,55944
m,4,717605257,64203
m,4,718429313,58148
m,4,718979829,56704
m,4,719576164,57981
m,4,720120236,55981
m,4,720740846,55741
m,4,721469328,59129
m,4,722266646,57222
m,4,722790608,56722
m,4,723399254,56445
m,4,723922588,126260
m,4,724550255,56852
m,4,725334441,59111
m,4,725878775,55685
m,4,726670182,60074
m,4,727215793,55149
m,4,727810572,56241
m,4,728378941,55944
m,4,729161904,59778
m,4,729920828,57296
m,4,730511347,55722
m,4,731049328,55926
m,4,731639459,56389
m,4,732179662,55648
m,4,733025236,64463
m,4,733821293,58055
m,4,734460106,65425
m,4,735064125,65759
m,4,735703235,57556
m,4,736451291,57055
m,4,737053697,56703
m,4,737910158,60260
m,4,738489361,56277
m,4,739087379,58500
m,4,739595213,56260
m,4,740391825,56667
m,4,740981843,54388
m,4,741679159,55518
m,4,742254955,54463
m,4,742757121,57611
m,4,743366788,53481
m,4,744128474,55704
m,4,744678253,54389
m,4,745263770,53611
m,4,745954307,55667
m,4,746534658,54222
m,4,747064398,53592
m,4,747804437,55389
m,4,748322510,53315
m,4,749052897,54796
m,4,749562250,53648
m,4,750161621,55018
m,4,750671287,56167
m,4,751425359,55556
m,4,751939750,125130
m,4,752686231,55167
m,4,753263953,54037
m,4,753797194,53482
m,4,754377418,54000
m,4,755016119,55444
m,4,755634470,53778
m,4,756317693,56018
m,4,756824971,54037
m,4,757441378,54297
m,4,757952009,54037
m,4,758715414,55389
m,4,759230786,53538
m,4,759973657,55389
m,4,760482361,54222
m,4,761119506,54389
m,4,761658504,53740
m,4,762405188,55574
m,4,762962983,54055
m,4,763620111,58278
m,4,764229871,53833
m,4,764738186,121204
m,4,765365243,53889
m,4,766042742,122519
m,4,766673391,54056
m,4,767372872,55852
m,4,767901447,54111
m,4,768479725,54129
m,4,769019930,53740
m,4,769737930,55852
m,4,770282930,54000
m,4,770996687,55500
m,4,771505688,54815
m,4,772107262,53981
m,4,772618909,54204
m,4,773434204,57500
m,4,773958944,56112
m,4,774702760,56037
m,4,775247298,53945
m,4,775820985,53815
m,4,776407207,53982
m,4,777124986,58074
m,4,777733357,53870
m,4,778339152,60500
m,4,778947152,53407
m,4,779454059,53889
m,4,780073059,53148
m,4,780712910,55537
m,4,781337133,54796
m,4,782045706,56926
m,4,782590430,54296
m,4,783105411,124148
m,4,783927633,56222
m,4,784600487,135482
m,4,785368562,55740
m,4,785877878,54407
m,4,786482507,53852
m,4,786994858,54278
m,4,787617025,53537
m,4,788348600,59833
m,4,789110431,55111
m,4,789618301,53685
m,4,790232745,53685
m,4,790739357,54074
m,4,791351300,53797
m,4,792012225,59148
m,4,792784855,55333
m,4,793292280,54223
m,4,793931838,59574
m,4,794488395,56277
m,4,795137839,57777
m,4,795908596,59685
m,4,796649058,129370
m,4,797287686,57667
m,4,797837520,73185
m,4,798514332,58630
m,4,799040518,55574
m,4,799869222,60926
m,4,800538774,60907
m,4,801450256,173334
m,4,802164665,58518
m,4,802787496,62167
m,4,803377570,57592
m,4,804098715,131519
m,4,804938159,59296
m,4,805474975,131833
m,4,806162365,58185
m,4,806689271,59963
m,4,807432642,57778
m,4,808132734,68482
m,4,809039198,58630
m,4,809596845,57834
m,4,810138326,57482
m,4,810656624,54592
m,4,811458794,56814
m,4,811983441,132945
m,4,812779869,58185
m,4,813393127,63852
m,4,813971906,56537
m,4,814566832,57851
m,4,815324313,57703
m,4,815924683,54519
m,4,816622130,66851
m,4,817274334,58149
m,4,817799816,55963
m,4,818440297,59760
m,4,819222113,61056
m,4,819901204,61648
m,4,820477704,61833
m,4,821272944,60722
m,4,821816704,63815
m,4,822443387,56148
m,4,823234241,57926
m,4,823798797,59852
m,4,824553224,59333
m,4,825069130,55704
m,4,825688204,56667
m,4,826210335,128908
m,4,827080224,59778
m,4,827680999,56537
m,4,828425851,58019
m,4,829024887,58019
m,4,829546221,56129
m,4,830159479,57352
m,4,830946907,58797
m,4,831503890,56796
m,4,832232926,58704
m,4,832753241,56000
m,4,833371332,57574
m,4,833894294,131334
m,4,834744407,58537
m,4,835392980,55408
m,4,836098464,58426
m,4,836688611,56519
m,4,837216315,56704
m,4,837846777,56333
m,4,838571777,60277
m,4,839253240,56203
m,4,839953129,57778
m,4,840565147,56796
m,4,841086685,56314
m,4,841697960,56722
m,4,842481624,58556
m,4,843035606,55852
m,4,843828604,64334
m,4,844399809,58203
m,4,844961030,146870
m,4,845657735,75352
m,4,846400957,59388
m,4,847049530,55260
m,4,847713549,124612
m,4,848326772,55703
m,4,848909104,54593
m,4,849445288,54426
m,4,850188475,57111
m,4,850754548,55092
m,4,851455677,55166
m,4,851969677,54445
m,4,852606402,53778
m,4,853122644,54296
m,4,853883421,55926
m,4,854405236,54871
m,4,855143403,57351
m,4,855728809,54833
m,4,856275010,57741
m,4,856863064,55630
m,4,857550583,56018
m,4,858186213,54167
m,4,858863882,55389
m,4,859438529,56222
m,4,859985268,54037
m,4,860583269,53944
m,4,861231863,59000
m,4,861955066,55445
m,4,862462307,54537
m,4,863063827,54074
m,4,863569974,54889
m,4,864178305,56074
m,4,864947714,58537
m,4,865500732,56352
m,4,866196730,56704
m,4,866730119,55778
m,4,867309379,54000
m,4,867821804,55130
m,4,868565157,56481
m,4,869224824,55333
m,4,869856397,53852
m,4,870367174,54611
m,4,870977231,54203
m,4,871489841,54666
m,4,872242842,58241
m,4,872886414,63408
m,4,873520451,57074
m,4,874033414,123315
m,4,874636063,53759
m,4,875220860,54704
m,4,875916711,55963
m,4,876522212,55575
m,4,877154953,54778
m,4,877748582,54278
m,4,878253879,53833
m,4,878871825,53556
m,4,879560103,56555
m,4,880293215,54945
m,4,880800921,57092
m,4,881417903,54278
m,4,881925903,54241
m,4,882722940,55797
m,4,883236126,54037
m,4,883965127,61388
m,4,884486108,59351
m,4,885118348,54167
m,4,885623738,56186
m,4,886367518,55556
m,4,886882908,53963
m,4,887652203,55222
m,4,888159186,59518
m,4,888780761,56130
m,4,889293927,124223
m,4,890031685,56018
m,4,890624018,54759
m,4,891292907,55537
m,4,891872686,54074
m,4,892418611,53982
m,4,892994019,54333
m,4,893670574,56444
m,4,894291537,55777
m,4,894899463,55277
m,4,895558445,55389
m,4,896102370,58685
m,4,896683093,54241
m,4,897351668,55815
m,4,897981596,57074
m,4,898602337,55407
m,4,899203891,53944
m,4,899712782,53760
m,4,900315376,53907
m,4,900993562,57111
m,4,901616932,58907
m,4,902256654,62278
m,4,902899321,63148
m,4,903461062,60833
m,4,904099860,57204
m,4,904832028,60351
m,4,905518455,57907
m,4,906265880,59204
m,4,906875565,57797
m,4,907425770,59722
m,4,907953008,140501
m,4,908805451,60667
m,4,909377064,61629
m,4,910315343,60426
m,4,910863769,64185
m,4,911574566,189111
m,4,912357122,68815
m,4,913211640,59759
m,4,914135306,61593
m,4,914969288,59592
m,4,915514916,138907
m,4,916199639,58315
m,4,916758085,61000
m,4,917569901,59685
m,4,918144160,59537
m,4,918968733,60315
m,4,919562491,58037
m,4,920139952,59833
m,4,920799710,56333
m,4,921504822,56870
m,4,922207689,57797
m,4,922906134,61056
m,4,923563985,58408
m,4,924124873,56056
m,4,924654023,126556
m,4,925470874,58352
m,4,926028614,134222
m,4,926797727,58148
m,4,927425040,61722
m,4,928113116,60630
m,4,928792005,63111
m,4,929680136,62092
m,4,930321987,60815
m,4,931036931,59370
m,4,931631932,56241
m,4,932201802,58426
m,4,932840449,56426
m,4,933618484,61870
m,4,934253225,56852
m,4,934967151,60019
m,4,935568151,58204
m,4,936122985,56444
m,4,936727040,58574
m,4,937458022,59944
m,4,938273614,57555
m,4,938800279,56259
m,4,939418390,56518
m,4,939940963,56630
m,4,940599188,55574
m,4,941304318,61037
m,4,942098909,58111
m,4,942619222,124685
m,4,943278629,55759
m,4,943871517,56315
m,4,944411463,56129
m,4,945210371,59260
m,4,945913444,57241
m,4,946515481,56352
m,4,947076057,58500
m,4,947598333,56574
m,4,948260980,55889
m,4,948970460,59482
m,4,949778146,57741
m,4,950296163,59834
m,4,950967164,62759
m,4,951517793,77260
m,4,952210275,66500
m,4,953013590,62129
m,4,953681090,58815
m,4,954346999,57407
m,4,954958423,56204
m,4,955474812,55777
m,4,956100108,56889
m,4,956859201,58685
m,4,957641407,55907
m,4,958154927,58722
m,4,958765166,53685
m,4,959344479,60518
m,4,960033460,56444
m,4,960558830,122704
m,4,961331757,55352
m,4,961840736,54667
m,4,962462792,53944
m,4,962970736,121999
m,4,963720387,55611
m,4,964309127,53944
m,4,964970663,56667
m,4,965548313,58519
m,4,966082314,55333
m,4,966676074,56259
m,4,967365666,55314
m,4,967972127,54518
m,4,968615811,55667
m,4,969196608,54389
m,4,969721293,54056
m,4,970306385,54093
m,4,970997440,56815
m,4,971595940,54740
m,4,972244883,55092
m,4,972828718,53074
m,4,973373865,53797
m,4,973964643,55352
m,4,974683051,55704
m,4,975304254,54389
m,4,975964828,54945
m,4,976546402,54074
m,4,977085829,54204
m,4,977684292,56074
m,4,978366405,56055
m,4,978963163,54130
m,4,979642422,54982
m,4,980156202,53648
m,4,980773591,53444
m,4,981282628,53833
m,4,982031831,55685
m,4,982557645,53870
m,4,983293164,55648
m,4,983799847,54982
m,4,984414642,54037
m,4,984923327,54074
m,4,985693031,55797
m,4,986210626,53704
m,4,986955127,55037
m,4,987462258,54259
m,4,988085277,53296
m,4,988594759,54148
m,4,989339518,55407
m,4,989888184,53908
m,4,990622425,55297
m,4,991133057,54186
m,4,991734097,53925
m,4,992251614,53945
m,4,993023466,56074
m,4,993542911,54352
m,4,994274542,55500
m,4,994783282,54333
m,4,995414059,53889
m,4,995955891,54000
m,4,996713485,55926
m,4,997240672,55334
m,4,997980395,55056
m,4,998485451,54056
m,4,999086728,54148
m,4,999596913,59019
m,5,365264,56055
m,5,895449,124611
m,5,1622449,54685
m,5,2193968,53574
m,5,2724078,53852
m,5,3305893,53926
m,5,3950262,55352
m,5,4568172,54037
m,5,5173765,56407
m,5,5779374,53889
m,5,6287410,122149
m,5,6892039,54185
m,5,7602783,56444
m,5,8139967,53519
m,5,8817894,55519
m,5,9325581,54167
m,5,9950045,56611
m,5,10499083,57833
m,5,11298027,59667
m,5,12059378,57315
m,5,12710581,58463
m,5,13231397,57519
m,5,13877619,57611
m,5,14526063,58334
m,5,15260026,60000
m,5,16072413,59777
m,5,16657690,157574
m,5,17345671,58130
m,5,17886966,205445
m,5,18804928,59074
m,5,19553685,59314
m,5,20367593,57945
m,5,20936167,57703
m,5,21557332,59500
m,5,22124220,57574
m,5,22728369,56667
m,5,23493944,59963
m,5,24219611,59278
m,5,24880777,57741
m,5,25441480,66074
m,5,26039220,56222
m,5,26582812,54519
m,5,27359500,57481
m,5,27896148,57778
m,5,28682443,59574
m,5,29230979,57667
m,5,29849240,55926
m,5,30444239,56500
m,5,31187943,159703
m,5,32044776,57370
m,5,32564441,57907
m,5,33240552,62278
m,5,33877257,61223
m,5,34883833,67759
m,5,35488647,59592
m,5,36229278,59074
m,5,36843778,56277
m,5,37368480,56129
m,5,37986701,58315
m,5,38697202,60592
m,5,39344592,55685
m,5,40068609,59982
m,5,40687664,57463
m,5,41291962,62741
m,5,41858853,55926
m,5,42654908,58000
m,5,43220760,58945
m,5,43972964,57889
m,5,44153112,59056
m,5,44900112,125389
m,5,45512296,56907
m,5,46255333,59203
m,5,46798999,63241
m,5,47838795,59148
m,5,48367295,56389
m,5,49022279,55834
m,5,49548038,133703
m,5,50386815,58093
m,5,50992408,56037
m,5,51699649,58407
m,5,52280333,56815
m,5,52799149,55704
m,5,53426907,56389
m,5,54145943,58685
m,5,54775497,58555
m,5,55443590,61407
m,5,56073092,56370
m,5,56640925,55537
m,5,57347055,59408
m,5,58084055,70296
m,5,58826443,65519
m,5,59604390,68426
m,5,60177241,136666
m,5,60810427,55611
m,5,61395613,60111
m,5,62178002,57056
m,5,62772983,53889
m,5,63462872,55500
m,5,64034685,53760
m,5,64565094,54871
m,5,65153332,54000
m,5,65808665,55389
m,5,66424700,54278
m,5,67088738,55315
m,5,67701848,53259
m,5,68217921,53611
m,5,68844456,53778
m,5,69487012,58815
m,5,70117439,53852
m,5,70758700,55241
m,5,71366589,53870
m,5,71874144,53982
m,5,72487884,54315
m,5,73144920,56926
m,5,73833956,54666
m,5,74492585,56259
m,5,75102120,53204
m,5,75608378,53852
m,5,76228360,53963
m,5,76883230,55426
m,5,77546416,53981
m,5,78151508,54445
m,5,78759675,53611
m,5,79318657,56037
m,5,79929047,53315
m,5,80637195,61019
m,5,81226749,54278
m,5,81851619,54463
m,5,82451306,53648
m,5,82966307,53277
m,5,83609526,53981
m,5,84256266,56000
m,5,84888378,53500
m,5,85547396,55630
m,5,86141471,54352
m,5,86682266,53796
m,5,87267895,54389
m,5,87969986,55167
m,5,88665115,55111
m,5,89211409,54537
m,5,89781317,54204
m,5,90287207,53907
m,5,90911261,53704
m,5,91577871,57204
m,5,92323759,55371
m,5,92830796,53722
m,5,93450555,53852
m,5,93958608,53759
m,5,94595572,53537
m,5,95248962,58055
m,5,96025646,54907
m,5,96531850,53871
m,5,97128205,53722
m,5,97634316,54518
m,5,98299965,55889
m,5,98992926,56741
m,5,99710553,55371
m,5,100324052,54407
m,5,100830849,121093
m,5,101446741,54037
m,5,101999058,54556
m,5,102777593,56445
m,5,103304518,56907
m,5,104040776,55630
m,5,104548628,54000
m,5,105157626,54278
m,5,105801012,59019
m,5,106527420,54222
m,5,107193752,55556
m,5,107767122,54129
m,5,108302326,54389
m,5,108881382,55019
m,5,109548383,56370
m,5,110195347,55056
m,5,110901256,56296
m,5,111510495,54260
m,5,112014829,54056
m,5,112616960,53722
m,5,113343496,56926
m,5,113968033,54555
m,5,114595996,58482
m,5,115218960,54074
m,5,115795979,54722
m,5,116342684,54074
m,5,117162964,62574
m,5,117754149,67574
m,5,118460442,140056
m,5,119108943,57000
m,5,119638295,130778
m,5,120277387,59019
m,5,121042943,149130
m,5,121739295,58870
m,5,122450868,146667
m,5,123119127,56703
m,5,123683795,132388
m,5,124326426,58092
m,5,125132573,145962
m,5,125363166,59944
m,5,126302000,61815
m,5,126911166,135148
m,5,127563721,58166
m,5,128117367,65926
m,5,128994739,58981
m,5,129588442,57167
m,5,130363756,63889
m,5,130950941,57629
m,5,131625162,57500
m,5,132218937,77834
m,5,132989141,132111
m,5,133662214,58352
m,5,134338232,126111
m,5,134950695,54926
m,5,135542899,56778
m,5,136086064,57537
m,5,136950008,67945
m,5,137587822,57000
m,5,138264989,59574
m,5,138880453,55871
m,5,139415676,62889
m,5,140046081,57112
m,5,140782692,64278
m,5,141534192,60297
m,5,142429061,65648
m,5,143114450,58741
m,5,143667339,57722
m,5,144272710,60222
m,5,145026692,59500
m,5,145636841,61481
m,5,146336860,60555
m,5,146955285,57166
m,5,147480710,56333
m,5,148140617,58759
m,5,148858746,58778
m,5,149508284,63871
m,5,150201378,59666
m,5,150833785,56463
m,5,151350340,55944
m,5,151989175,58389
m,5,152730751,62722
m,5,153364901,57463
m,5,154027328,129666
m,5,154662774,57555
m,5,155255959,56500
m,5,155793846,56315
m,5,156589994,60259
m,5,157179904,59111
m,5,157913347,58444
m,5,158433679,55204
m,5,159059328,56296
m,5,159591920,57834
m,5,160415215,58593
m,5,160947623,56204
m,5,161726511,58371
m,5,162247492,59981
m,5,162899491,55352
m,5,163420770,125629
m,5,164277991,61222
m,5,164870622,59629
m,5,165733176,59667
m,5,166299898,69833
m,5,166934009,56593
m,5,167454861,55352
m,5,168285658,58315
m,5,168968640,56056
m,5,169598046,53963
m,5,170107784,54204
m,5,170721136,53500
m,5,171235358,53982
m,5,172030543,55925
m,5,172700487,55537
m,5,173286543,53667
m,5,173793099,53889
m,5,174391654,53963
m,5,174931580,54092
m,5,175688395,55667
m,5,176367544,54593
m,5,176946915,53796
m,5,177479859,54352
m,5,178059916,53944
m,5,178571010,54389
m,5,179337123,57037
m,5,180102679,57611
m,5,180785567,56370
m,5,181407289,54371
m,5,181920586,53963
m,5,182714105,55704
m,5,183236679,55130
m,5,184027489,55463
m,5,184589545,56277
m,5,185101138,55704
m,5,185715916,54185
m,5,186409821,56611
m,5,187022136,57407
m,5,187696913,56278
m,5,188313265,54445
m,5,188895505,58611
m,5,189446117,55741
m,5,190222137,59351
m,5,190780876,59908
m,5,191570913,60871
m,5,192176414,55260
m,5,192713877,59833
m,5,193306562,54296
m,5,193996117,56963
m,5,194619355,56260
m,5,195251393,55871
m,5,195874190,57185
m,5,196383542,54593
m,5,196988710,54130
m,5,197653655,60370
m,5,198283414,54203
m,5,198976931,62481
m,5,199529151,53834
m,5,200111616,53852
m,5,200639413,54482
m,5,201351263,62648
m,5,201980949,54963
m,5,202605136,55870
m,5,203216616,54426
m,5,203762560,54463
m,5,204376986,57018
m,5,205028468,56185
m,5,205640301,54315
m,5,206249619,56278
m,5,206850414,54241
m,5,207432509,53982
m,5,207972362,54296
m,5,208671546,55685
m,5,209194379,53945
m,5,209911508,56537
m,5,210418471,54185
m,5,211030155,54093
m,5,211539340,53704
m,5,212272544,56167
m,5,212821192,56018
m,5,213568618,58259
m,5,214083304,56889
m,5,214702489,54426
m,5,215215083,53778
m,5,215976765,55333
m,5,216549005,55407
m,5,217292968,54963
m,5,217801930,58926
m,5,218407951,54092
m,5,219014005,54222
m,5,219730690,55630
m,5,220341599,53981
m,5,220989248,55333
m,5,221570323,54093
m,5,222110229,54111
m,5,222702375,59815
m,5,223376876,55259
m,5,223935598,61074
m,5,224753860,59519
m,5,225313212,57629
m,5,225931470,57370
m,5,226496360,57648
m,5,227069933,60889
m,5,227894046,59129
m,5,228618991,61019
m,5,229250990,56574
m,5,229697046,57000
m,5,230306491,59037
m,5,231216325,147148
m,5,232125678,63166
m,5,232923030,59537
m,5,233466588,60611
m,5,234128923,57407
m,5,234667331,66407
m,5,235520146,61055
m,5,236151719,57556
m,5,236887091,57593
m,5,237455572,131759
m,5,238108554,55796
m,5,238664572,68444
m,5,239532905,63463
m,5,240242093,58055
m,5,240853519,56944
m,5,241377221,55777
m,5,241988516,53852
m,5,242515829,56389
m,5,243358459,57740
m,5,244090735,58112
m,5,244698401,56648
m,5,245241085,55463
m,5,245827011,55833
m,5,246347325,54444
m,5,247187547,60592
m,5,247721603,54685
m,5,248511101,57426
m,5,249051490,64112
m,5,249726380,62130
m,5,250290695,61352
m,5,251182529,60963
m,5,251955733,58445
m,5,252577900,64722
m,5,253108379,56000
m,5,253720360,56389
m,5,254261230,61426
m,5,255093598,59815
m,5,255707766,61740
m,5,256464357,60019
m,5,257019395,57796
m,5,257644319,58056
m,5,258362467,133519
m,5,258989910,56574
m,5,259697152,57630
m,5,260318039,57204
m,5,260838020,56074
m,5,261450002,58148
m,5,262163445,132445
m,5,262798335,55722
m,5,263537019,131871
m,5,264166576,55630
m,5,264756853,55908
m,5,265309334,55889
m,5,266121131,57740
m,5,266682669,58333
m,5,267472908,58408
m,5,268028333,56204
m,5,268608408,55870
m,5,269125188,55741
m,5,269924261,58389
m,5,270459707,61889
m,5,271263095,58722
m,5,271780409,54723
m,5,272489522,59130
m,5,273046149,68352
m,5,273967373,68000
m,5,274659316,57334
m,5,275353928,56148
m,5,275975538,54945
m,5,276496891,60556
m,5,277115873,56000
m,5,277802799,57592
m,5,278437593,54037
m,5,279078499,55796
m,5,279699554,54426
m,5,280218146,54222
m,5,280835555,53333
m,5,281476664,55945
m,5,282112554,59277
m,5,282752166,56760
m,5,283367630,53519
m,5,283874760,57741
m,5,284489928,53407
m,5,285197501,55833
m,5,285826705,58481
m,5,286455665,54870
m,5,287062961,54056
m,5,287571424,53519
m,5,288178570,55241
m,5,288854180,56074
m,5,289469793,54037
m,5,290137147,59704
m,5,290720091,58463
m,5,291270906,53889
m,5,291855534,53945
m,5,292535147,56500
m,5,293112684,124592
m,5,293838332,55203
m,5,294418091,61296
m,5,294977997,54112
m,5,295487256,122371
m,5,296240369,55389
m,5,296761203,53777
m,5,297475683,55167
m,5,297982221,53852
m,5,298602055,56537
m,5,299122425,61315
m,5,299877722,60204
m,5,300421776,55352
m,5,301154665,57204
m,5,301663793,55667
m,5,302275347,54222
m,5,302821162,59444
m,5,303556863,55944
m,5,304111716,55314
m,5,304820755,54852
m,5,305325830,57333
m,5,305956310,55555
m,5,306469217,53444
m,5,307241716,56166
m,5,307902846,55074
m,5,308507273,53574
m,5,309046607,54019
m,5,309814922,55889
m,5,310391146,54574
m,5,311150147,58871
m,5,311717257,59945
m,5,312379018,56278
m,5,312989092,53741
m,5,313495314,121444
m,5,314216201,57092
m,5,315055351,56963
m,5,315716756,59667
m,5,316345515,54648
m,5,316851421,124853
m,5,317459514,55148
m,5,318043922,54185
m,5,318747422,59371
m,5,319514589,133556
m,5,320132868,59593
m,5,320720314,53870
m,5,321228092,54037
m,5,321850721,53667
m,5,322572999,57463
m,5,323250276,55834
m,5,323878071,57611
m,5,324389553,54056
m,5,324996166,55944
m,5,325553348,53871
m,5,326335107,57945
m,5,327005252,123519
m,5,327610048,53944
m,5,328209270,55056
m,5,328794880,54000
m,5,329379807,55463
m,5,330112364,56222
m,5,330664901,54574
m,5,331373346,55574
m,5,331888105,54278
m,5,332501420,54315
m,5,333155866,55889
m,5,333773957,53815
m,5,334518123,59074
m,5,335140437,57259
m,5,335680103,58222
m,5,336322141,64241
m,5,337074995,57370
m,5,337713903,60518
m,5,338537366,60870
m,5,339140664,57000
m,5,339670739,56815
m,5,340295813,57649
m,5,341142480,59500
m,5,341792684,68648
m,5,342689221,132425
m,5,343337128,57908
m,5,343874183,58074
m,5,344495349,56575
m,5,345251202,133833
m,5,345916906,66111
m,5,346654685,59334
m,5,347158315,64296
m,5,347263574,55963
m,5,348264259,58111
m,5,349031870,59740
m,5,349471926,57871
m,5,349568778,583463
m,5,350856555,58111
m,5,351377276,55704
m,5,352001368,57240
m,5,352791088,61111
m,5,353371420,57685
m,5,354093180,127167
m,5,354706385,55888
m,5,355293903,55741
m,5,355858272,58167
m,5,356642309,58963
m,5,357228494,59722
m,5,358043493,151167
m,5,358796772,60907
m,5,359390588,58537
m,5,360027883,58259
m,5,360764458,59518
m,5,361400012,58611
m,5,362088456,59537
m,5,362728862,57167
m,5,363247918,56852
m,5,363862695,57500
m,5,364664714,63926
m,5,365253194,56926
m,5,365971787,129519
m,5,366594103,57926
m,5,367192381,56481
m,5,367746143,60518
m,5,368533716,58981
m,5,369064901,55704
m,5,369884048,58093
m,5,370407491,57241
m,5,371042288,56093
m,5,371569696,56389
m,5,372381086,59370
m,5,372942734,63852
m,5,373721368,58796
m,5,374241035,56333
m,5,374863681,56038
m,5,375395923,57759
m,5,376210422,58945
m,5,376790702,56889
m,5,377570517,59815
m,5,378091795,130279
m,5,378722147,56111
m,5,379278090,130056
m,5,380070961,59055
m,5,380685424,150703
m,5,381547035,60259
m,5,382132958,72037
m,5,382852996,66149
m,5,383406904,57092
m,5,384176425,133962
m,5,385002666,57408
m,5,385617611,63111
m,5,386159298,54019
m,5,386749521,54000
m,5,387259224,56648
m,5,388040336,55315
m,5,388563910,59037
m,5,389302873,58056
m,5,389817373,122148
m,5,390431355,57704
m,5,391022263,56463
m,5,391691726,55982
m,5,392466913,56778
m,5,392973004,54556
m,5,393584134,53500
m,5,394161636,53870
m,5,394670099,55981
m,5,395408450,55722
m,5,396094726,55703
m,5,396600412,54241
m,5,397211967,53871
m,5,397724133,55037
m,5,398335763,56500
m,5,398994597,60981
m,5,399759095,55351
m,5,400337335,54482
m,5,400841466,56389
m,5,401464466,55537
m,5,401980410,54185
m,5,402770246,56629
m,5,403507245,55537
m,5,404017800,56592
m,5,404623371,53686
m,5,405202518,58537
m,5,405851925,56019
m,5,406492260,54444
m,5,407099743,54704
m,5,407757503,60148
m,5,408275040,54019
m,5,408895522,58204
m,5,409631040,55630
m,5,410198559,56814
m,5,410940634,57907
m,5,411536115,58037
m,5,412049431,55444
m,5,412657320,54259
m,5,413366633,55778
m,5,413979594,55871
m,5,414675931,60740
m,5,415186300,58648
m,5,415814854,55463
m,5,416321096,128500
m,5,417078709,55370
m,5,417673431,54130
m,5,418279339,56759
m,5,418886839,59463
m,5,419411230,127852
m,5,420026433,53796
m,5,420762490,61723
m,5,421282823,56240
m,5,422037508,56649
m,5,422546915,56167
m,5,423162061,54296
m,5,423747080,54500
m,5,424398895,55796
m,5,425036933,56981
m,5,425699859,57945
m,5,426309304,54000
m,5,426824266,58519
m,5,427434082,53537
m,5,428076006,123722
m,5,428659878,54722
m,5,429396044,55519
m,5,429907340,58889
m,5,430531228,53907
m,5,431042968,122369
m,5,431747558,56018
m,5,432408093,54056
m,5,433021610,127852
m,5,433640777,53704
m,5,434231943,54352
m,5,434738757,54000
m,5,435489812,55833
m,5,436056555,54111
m,5,436766184,56759
m,5,437279629,58944
m,5,437897571,56408
m,5,438477276,54019
m,5,439431072,64259
m,5,440051719,56370
m,5,440693941,123907
m,5,441298551,53870
m,5,441884218,54352
m,5,442393550,55222
m,5,443160328,55926
m,5,443696995,59555
m,5,444463679,58907
m,5,445047695,53982
m,5,445565881,55796
m,5,446159698,54962
m,5,446843160,68685
m,5,447569029,57444
m,5,448258492,57796
m,5,448903398,61629
m,5,449469305,56777
m,5,450105397,58240
m,5,450827490,59259
m,5,451537249,59611
m,5,452302008,61278
m,5,452900248,56538
m,5,453476395,61056
m,5,453661450,57371
m,5,454722988,75519
m,5,455458970,124778
m,5,456187579,60870
m,5,456740876,132203
m,5,457400395,57259
m,5,457935413,146074
m,5,458815283,59778
m,5,459573690,58222
m,5,460199765,57092
m,5,460682118,58444
m,5,461302045,55704
m,5,461872619,57759
m,5,462701692,61000
m,5,463287284,57722
m,5,464080431,57111
m,5,464623708,54074
m,5,465221686,57260
m,5,465747207,57722
m,5,466658226,60630
m,5,467376096,56815
m,5,467904689,64537
m,5,468475689,57074
m,5,469099449,66870
m,5,469657005,61704
m,5,470483783,59667
m,5,471067966,63296
m,5,472030634,63518
m,5,472665134,67722
m,5,473358264,59352
m,5,473894041,58223
m,5,474712207,60166
m,5,475408300,58296
m,5,476036839,56611
m,5,476567487,59315
m,5,477199894,56296
m,5,477722561,86444
m,5,478581338,61241
m,5,479299374,60333
m,5,479940263,58685
m,5,480508911,61685
m,5,481169783,56796
m,5,481911673,58704
m,5,482551395,56297
m,5,483231084,58093
m,5,483844790,56370
m,5,484438900,62204
m,5,485010604,56500
m,5,485798900,58537
m,5,486369695,56111
m,5,487144344,58704
m,5,487685476,56389
m,5,488273606,55630
m,5,488786940,55741
m,5,489592368,58018
m,5,490122534,57481
m,5,490943331,57000
m,5,491462498,56574
m,5,492072833,58833
m,5,492594295,130630
m,5,493429279,58259
m,5,493993410,81222
m,5,494913910,59092
m,5,495481355,66852
m,5,496188338,66297
m,5,496755690,58112
m,5,497569841,57722
m,5,498101377,56778
m,5,498849505,56315
m,5,499366079,55815
m,5,499988337,54334
m,5,500497373,57463
m,5,501284206,56518
m,5,501677409,55648
m,5,502567391,55815
m,5,503079355,55241
m,5,503698560,54463
m,5,504210062,59703
m,5,505037356,55944
m,5,505555839,53926
m,5,506287783,55759
m,5,506802450,53963
m,5,507416154,53981
m,5,507925042,54111
m,5,508699004,56019
m,5,509217891,54056
m,5,509919816,56834
m,5,510427207,54482
m,5,511056374,54870
m,5,511568375,54019
m,5,512367784,56648
m,5,512917618,55333
m,5,513647656,55778
m,5,514156154,57297
m,5,514770080,54648
m,5,515281895,123648
m,5,516059804,56092
m,5,516698471,54240
m,5,517332303,55611
m,5,517914156,54074
m,5,518422691,53686
m,5,519097488,54037
m,5,519739339,56797
m,5,520372322,54389
m,5,520991267,55796
m,5,521612304,54352
m,5,522121563,54000
m,5,522732544,53685
m,5,523396155,55778
m,5,524013227,54704
m,5,524632356,55204
m,5,525246281,53612
m,5,525762207,53648
m,5,526376520,53963
m,5,527016558,56389
m,5,527668318,57556
m,5,528265596,55889
m,5,528879873,54648
m,5,529392928,57426
m,5,530028908,53574
m,5,530688111,58778
m,5,531473686,55371
m,5,531982685,53463
m,5,532602853,55444
m,5,533108926,53963
m,5,533725557,53926
m,5,534377779,55722
m,5,535122003,55037
m,5,535627522,57204
m,5,536250598,54278
m,5,536759432,53666
m,5,537373467,53797
m,5,538022043,55648
m,5,538625914,53500
m,5,539265023,123612
m,5,539885357,53981
m,5,540395633,53723
m,5,541003005,53833
m,5,541744578,55778
m,5,542395985,54852
m,5,542982986,53889
m,5,543488783,53612
m,5,544109394,53908
m,5,544629396,54055
m,5,545379156,55112
m,5,546058710,55537
m,5,546661618,55018
m,5,547170247,54037
m,5,547786155,53851
m,5,548296357,53704
m,5,549082580,56703
m,5,549740523,55185
m,5,550346485,54259
m,5,550851894,54037
m,5,551477041,53963
m,5,552088633,55166
m,5,552769763,55222
m,5,553565708,56315
m,5,554074004,53815
m,5,554698022,59389
m,5,555243354,57593
m,5,556119373,56907
m,5,556671928,57667
m,5,557517910,57389
m,5,558063207,56537
m,5,558680431,57111
m,5,559276060,57926
m,5,560053022,130778
m,5,560685079,57074
m,5,561458244,58686
m,5,562004431,58481
m,5,562519228,143407
m,5,563241655,62481
m,5,564051360,59741
m,5,564752805,63926
m,5,565474955,58629
m,5,566087214,57370
m,5,566663915,59778
m,5,567288823,58278
m,5,568050729,58129
m,5,568718545,59167
m,5,569610730,59703
m,5,570238932,60167
m,5,570804841,57037
m,5,571416249,60796
m,5,572187414,57482
m,5,572787915,54129
m,5,573464173,59037
m,5,574095802,59370
m,5,574649154,63389
m,5,575260302,56630
m,5,576010949,57630
m,5,576633727,59963
m,5,577353503,65667
m,5,577892429,126370
m,5,578533798,59592
m,5,579134320,63370
m,5,580151170,66111
m,5,580814967,59241
m,5,581606263,61407
m,5,581794799,60000
m,5,582552076,56704
m,5,583165058,62648
m,5,584066169,59093
m,5,584656335,57204
m,5,585393504,60259
m,5,586113837,56833
m,5,586716856,59519
m,5,587300098,165703
m,5,588210264,72907
m,5,588877597,58981
m,5,589764947,60852
m,5,590338132,58074
m,5,590907819,126110
m,5,591532855,58963
m,5,592310222,58815
m,5,592835758,57296
m,5,593547816,58000
m,5,594169797,56037
m,5,594692111,56593
m,5,595352132,58000
m,5,596067557,58982
m,5,596727836,56240
m,5,597410521,57426
m,5,598020371,55574
m,5,598541612,126611
m,5,599163501,55314
m,5,599932222,59296
m,5,600518463,57796
m,5,601263313,59315
m,5,601782033,55574
m,5,602388698,55685
m,5,602929679,61944
m,5,603868956,61185
m,5,604451361,58518
m,5,605272009,68278
m,5,605874454,57241
m,5,606464085,55944
m,5,606994344,56018
m,5,607812271,62148
m,5,608471271,55000
m,5,609073809,54222
m,5,609584586,54037
m,5,610184141,54426
m,5,610697788,53981
m,5,611450511,57407
m,5,612010365,54666
m,5,612735604,58426
m,5,613312697,59371
m,5,613862068,53797
m,5,614463145,53814
m,5,615130070,56704
m,5,615796051,54574
m,5,616456107,55630
m,5,617055403,54537
m,5,617560757,53907
m,5,618184295,53500
m,5,618826331,57963
m,5,619582053,55407
m,5,620088407,58388
m,5,620697463,55593
m,5,621205074,124704
m,5,621823595,53852
m,5,622558891,55759
m,5,623206297,55315
m,5,623783650,54500
m,5,624288241,53871
m,5,624885166,53648
m,5,625395000,53963
m,5,626149796,56314
m,5,626778592,61037
m,5,627383591,53981
m,5,627953831,57871
m,5,628493812,54204
m,5,629197053,55204
m,5,629757311,54981
m,5,630510439,55889
m,5,631017051,54981
m,5,631626940,53945
m,5,632138440,54185
m,5,632873384,55759
m,5,633388309,57649
m,5,634103607,55370
m,5,634610421,120093
m,5,635210642,53666
m,5,635794827,53851
m,5,636432159,55297
m,5,637040030,53833
m,5,637645882,55166
m,5,638245142,54500
m,5,638753345,54334
m,5,639353789,54074
m,5,640007734,58611
m,5,640636604,54111
m,5,641252310,55500
m,5,641855477,54056
m,5,642433699,54389
m,5,642945052,53723
m,5,643689256,56278
m,5,644207142,53982
m,5,644908717,55555
m,5,645477643,58666
m,5,646009588,54760
m,5,646621998,53981
m,5,647316071,58871
m,5,647956164,54333
m,5,648632828,55723
m,5,649236440,54166
m,5,649755866,54574
m,5,650378700,54092
m,5,651058089,58444
m,5,651691089,55611
m,5,652387791,55482
m,5,652968829,53852
m,5,653485847,53685
m,5,654097626,53630
m,5,654756757,55537
m,5,655414664,54333
m,5,656107773,55074
m,5,656687034,56074
m,5,657195143,53648
m,5,657814402,54000
m,5,658467310,55037
m,5,659092105,57056
m,5,659752142,55203
m,5,660369086,53796
m,5,660882419,58851
m,5,661491660,54575
m,5,662140679,126425
m,5,662768973,56593
m,5,663479622,55574
m,5,663990122,55666
m,5,664625418,56908
m,5,665154768,61389
m,5,666015435,61889
m,5,666581267,66149
m,5,667310342,58593
m,5,667945341,58000
m,5,668532415,70685
m,5,669185620,58444
m,5,670033675,60482
m,5,670291508,57074
m,5,671321528,60667
m,5,671810398,142241
m,5,672552933,129963
m,5,673204712,64574
m,5,673969563,136815
m,5,674624080,56889
m,5,675403896,59926
m,5,675976025,62333
m,5,676619819,57315
m,5,677085095,58685
m,5,677383021,61278
m,5,678415799,62111
m,5,679130873,60611
m,5,679621724,59760
m,5,680303928,60296
m,5,680858523,54018
m,5,681638078,56185
m,5,682388541,57778
m,5,683025819,57741
m,5,683560744,57723
m,5,684201706,56352
m,5,684758595,55593
m,5,685561783,58889
m,5,686282245,58334
m,5,686898134,55407
m,5,687455280,63537
m,5,688188541,62093
m,5,688825449,60556
m,5,689735355,61889
m,5,690299539,59148
m,5,691081133,59093
m,5,691615208,56092
m,5,692236836,58667
m,5,692770966,57500
m,5,693595579,60111
m,5,694310357,58149
m,5,694944985,57741
m,5,695477282,58018
m,5,696117725,56685
m,5,696658300,57982
m,5,697473280,59945
m,5,698198911,60074
m,5,698836950,57648
m,5,699535856,59945
m,5,700175003,56019
m,5,700695429,124982
m,5,701523191,60037
m,5,702282061,58407
m,5,702832875,56481
m,5,703426839,58129
m,5,703973375,57259
m,5,704687895,57426
m,5,705359654,56630
m,5,706053637,57111
m,5,706678361,56704
m,5,707194822,55963
m,5,707818212,56537
m,5,708533103,58463
m,5,709152899,54778
m,5,709928678,59759
m,5,710561623,59389
m,5,711122048,64555
m,5,711822547,67370
m,5,712603157,58260
m,5,713249288,55870
m,5,713904103,58074
m,5,714514251,56500
m,5,715026140,55519
m,5,715640752,54333
m,5,716326271,57315
m,5,716945975,54351
m,5,717590921,125593
m,5,718188959,53740
m,5,718776515,54296
m,5,719287089,54222
m,5,720047460,56630
m,5,720568793,54815
m,5,721305330,55278
m,5,721811460,53463
m,5,722414073,54333
m,5,722928870,54204
m,5,723678166,56148
m,5,724221407,54149
m,5,724932871,55241
m,5,725512945,54000
m,5,726039908,53778
m,5,726620869,54148
m,5,727274387,55760
m,5,727894109,53926
m,5,728516757,55851
m,5,729119331,55019
m,5,729629055,56982
m,5,730238187,54166
m,5,730921613,122685
m,5,731534982,54315
m,5,732281001,57889
m,5,732811687,54074
m,5,733391520,53833
m,5,733899964,53889
m,5,734635857,55759
m,5,735199634,54055
m,5,735933951,56055
m,5,736464877,54777
m,5,737068860,54370
m,5,737581692,53389
m,5,738343729,55482
m,5,738870581,54037
m,5,739630099,55667
m,5,740139211,54185
m,5,740757193,52870
m,5,741270546,53851
m,5,742035009,54945
m,5,742560601,53963
m,5,743214231,123630
m,5,743810675,54000
m,5,744390174,53722
m,5,744903840,53370
m,5,745637525,55093
m,5,746203599,54185
m,5,746926710,55611
m,5,747434988,53500
m,5,748034768,53518
m,5,748566231,53463
m,5,749324229,55759
m,5,749849118,54296
m,5,750604526,55815
m,5,751114619,53963
m,5,751714378,53944
m,5,752231413,122427
m,5,752962042,55481
m,5,753696043,55574
m,5,754222618,53852
m,5,754741636,120297
m,5,755390211,53944
m,5,755909932,120482
m,5,756637784,55222
m,5,757299876,55129
m,5,757903653,53666
m,5,758408135,54166
m,5,759016540,53815
m,5,759527189,121816
m,5,760288265,56685
m,5,760989839,54815
m,5,761595118,53592
m,5,762097877,58759
m,5,762701491,54445
m,5,763282546,53611
m,5,763933510,56778
m,5,764540750,53852
m,5,765198436,55426
m,5,765779731,53704
m,5,766283934,54148
m,5,766886878,53370
m,5,767537507,55759
m,5,768202822,105055
m,5,768878043,55259
m,5,769459857,53852
m,5,769964061,53648
m,5,770598117,58037
m,5,771341543,59093
m,5,772168859,59797
m,5,772833026,57815
m,5,773397786,56703
m,5,774042860,58834
m,5,774648027,66240
m,5,775511861,66167
m,5,776259676,58204
m,5,776808658,134667
m,5,777506843,58908
m,5,778125009,59685
m,5,779186508,336018
m,5,780313210,59722
m,5,781063523,59704
m,5,781690265,57371
m,5,782225580,65870
m,5,782887783,57926
m,5,783702284,58500
m,5,784312728,56704
m,5,785126136,58240
m,5,785651190,56797
m,5,786303560,57389
m,5,786854044,58333
m,5,787700472,58722
m,5,788232065,54537
m,5,789035455,57481
m,5,789556231,57260
m,5,790177991,62056
m,5,790725234,57537
m,5,791539679,57167
m,5,792131771,57352
m,5,792894326,58148
m,5,793444698,58370
m,5,794041570,55333
m,5,794583884,65796
m,5,795515678,149296
m,5,796302326,63240
m,5,797129955,60574
m,5,797757141,58259
m,5,798278604,55759
m,5,798904808,56370
m,5,799630177,58482
m,5,800267196,56666
m,5,800944436,59759
m,5,801559213,56889
m,5,802158341,57907
m,5,802772398,59444
m,5,803495471,58444
m,5,804167043,57111
m,5,804873026,57907
m,5,805486397,56222
m,5,806008175,55778
m,5,806662714,56167
m,5,807368898,58852
m,5,807988824,56111
m,5,808662935,59426
m,5,809288545,56148
m,5,809817861,58518
m,5,810448509,56945
m,5,811159028,132241
m,5,811799881,56797
m,5,812499956,130259
m,5,813158752,55815
m,5,813746567,56426
m,5,814276142,59777
m,5,815087124,59204
m,5,815621070,56260
m,5,816378811,58574
m,5,816898421,55333
m,5,817552162,55463
m,5,818094144,62519
m,5,818967811,59537
m,5,819558273,64389
m,5,820420868,68870
m,5,820984925,57445
m,5,821615630,55574
m,5,822141076,55666
m,5,822939483,56555
m,5,823511945,54000
m,5,824244572,56389
m,5,824751850,54389
m,5,825371980,53611
m,5,825881056,54148
m,5,826616095,56000
m,5,827132872,55260
m,5,827842207,55593
m,5,828347820,126277
m,5,828954228,53945
m,5,829668377,124981
m,5,830444062,56703
m,5,831097060,123463
m,5,831698822,55741
m,5,832300079,54297
m,5,832805449,54388
m,5,833417987,54741
m,5,834122024,60223
m,5,834704097,53963
m,5,835477136,56074
m,5,835984434,60648
m,5,836595081,53815
m,5,837135786,120482
m,5,837919621,56296
m,5,838609545,55482
m,5,839258992,54945
m,5,839763917,55981
m,5,840376455,56593
m,5,840901789,57129
m,5,841601603,56870
m,5,842266860,54759
m,5,842910103,56759
m,5,843524880,54815
m,5,844037289,123537
m,5,844649418,54500
m,5,845384475,56648
m,5,846028992,55833
m,5,846632213,54389
m,5,847138288,55667
m,5,847748047,54315
m,5,848257253,54333
m,5,849036677,56092
m,5,849694474,56186
m,5,850296493,61074
m,5,850814827,55037
m,5,851421771,54593
m,5,852001122,124723
m,5,852711640,55278
m,5,853426123,55537
m,5,853931103,54297
m,5,854534586,54630
m,5,855078754,54574
m,5,855830217,56093
m,5,856358921,55148
m,5,857102088,56370
m,5,857610090,55389
m,5,858221644,54352
m,5,858728236,54352
m,5,859530530,56704
m,5,860050568,54185
m,5,860825644,55963
m,5,861335772,54185
m,5,861934829,54112
m,5,862448496,54148
m,5,863248459,57000
m,5,863762903,58871
m,5,864484941,60519
m,5,865030533,54500
m,5,865639218,56296
m,5,866153587,53834
m,5,866939439,55722
m,5,867459902,53982
m,5,868210776,54759
m,5,868725276,54074
m,5,869345832,54166
m,5,869860812,53685
m,5,870612960,55630
m,5,871202758,54240
m,5,871860388,57759
m,5,872445462,53685
m,5,872953146,54037
m,5,873556255,53889
m,5,874218180,56240
m,5,874889754,53759
m,5,875514849,56240
m,5,876131757,54722
m,5,876638628,53703
m,5,877250832,53778
m,5,877897942,61018
m,5,878577220,55871
m,5,879227868,55315
m,5,879844054,55852
m,5,880395759,58000
m,5,881031203,58852
m,5,881781371,60296
m,5,882453074,57240
m,5,883184260,58462
m,5,883819499,57481
m,5,884479239,58925
m,5,885015311,58371
m,5,885914608,59815
m,5,886099979,57296
m,5,887168349,59740
m,5,887718238,57870
m,5,888485978,57722
m,5,889023736,66778
m,5,889892607,59574
m,5,890426681,64870
m,5,891293957,60352
m,5,891871697,56908
m,5,892417290,57814
m,5,893078569,57407
m,5,893757345,59296
m,5,894349661,57277
m,5,895177958,59223
m,5,895738586,60519
m,5,896285900,127481
m,5,896903254,55222
m,5,897664365,56704
m,5,898203253,57278
m,5,898983770,63703
m,5,899569584,58037
m,5,900129732,56277
m,5,900748879,56556
m,5,901486026,159407
m,5,902204785,56629
m,5,902932007,57722
m,5,903537601,62388
m,5,904167880,61185
m,5,904908993,62685
m,5,905682122,60908
m,5,906528403,57796
m,5,907049959,56500
m,5,907661091,57703
m,5,908206385,56111
m,5,908825239,57333
m,5,909550553,62389
m,5,910366110,58130
m,5,910895758,60500
m,5,911539237,56518
m,5,912062682,55723
m,5,912687793,57815
m,5,913498571,59278
m,5,914195053,56722
m,5,914786831,56241
m,5,915305182,58537
m,5,915940276,55815
m,5,916458721,56278
m,5,917305886,60445
m,5,917841052,56315
m,5,918606886,58315
m,5,919137090,61240
m,5,919771442,55926
m,5,920298164,55741
m,5,921121054,59203
m,5,921841553,127166
m,5,922459090,57130
m,5,923044776,56445
m,5,923572293,56685
m,5,924198479,56741
m,5,924911518,59278
m,5,925740722,57537
m,5,926296629,59093
m,5,926940908,66704
m,5,927551390,69463
m,5,928326352,131778
m,5,928993556,55778
m,5,929728596,62574
m,5,930272743,57315
m,5,930865538,53981
m,5,931378389,54111
m,5,932185094,57277
m,5,932744744,53944
m,5,933468320,60778
m,5,933981562,54296
m,5,934600932,55500
m,5,935107859,53759
m,5,935893767,55667
m,5,936410341,54315
m,5,937158710,57815
m,5,937671172,53889
m,5,938286969,53907
m,5,938801933,54092
m,5,939558340,56963
m,5,940078136,54278
m,5,940811081,55814
m,5,941413100,54963
m,5,941925453,59648
m,5,942556435,54333
m,5,943250083,56056
m,5,943917119,54185
m,5,944531639,55796
m,5,945132585,54222
m,5,945643861,61945
m,5,946247325,55092
m,5,946912289,124260
m,5,947540772,54685
m,5,948240960,56537
m,5,948749126,53741
m,5,949348981,54222
m,5,949858127,54167
m,5,950605384,55741
m,5,951122143,54333
m,5,951870680,55982
m,5,952382680,56148
m,5,953028791,53741
m,5,953540623,54167
m,5,954347756,60259
m,5,954878051,53741
m,5,955727905,58648
m,5,956342906,55407
m,5,956859351,54518
m,5,957465274,54852
m,5,958136996,58815
m,5,958754996,54167
m,5,959579461,57055
m,5,960202794,54667
m,5,960713294,54351
m,5,961343424,54074
m,5,961996590,55871
m,5,962620368,54334
m,5,963259037,56037
m,5,963887128,57426
m,5,964408593,54222
m,5,965025630,55593
m,5,965732519,61500
m,5,966394167,57129
m,5,967033149,56426
m,5,967635110,53907
m,5,968140703,53982
m,5,968746742,54037
m,5,969396928,128722
m,5,970094891,71074
m,5,970851410,58907
m,5,971442818,54851
m,5,971956206,54093
m,5,972565595,54204
m,5,973245371,57630
m,5,973890743,58814
m,5,974583928,56963
m,5,975147355,55426
m,5,975861040,54315
m,5,976421003,54408
m,5,977233986,56852
m,5,978057263,142055
m,5,978749319,54593
m,5,979319451,54796
m,5,979887062,54445
m,5,980501191,54352
m,5,981149730,55796
m,5,981872026,58278
m,5,982458862,53797
m,5,982961309,59334
m,5,983597695,54038
m,5,984125419,54500
m,5,984891476,55444
m,5,985567883,60186
m,5,986150808,53537
m,5,986737901,54407
m,5,987243328,54278
m,5,987854568,54315
m,5,988524737,124778
m,5,989333939,58796
m,5,989879254,62278
m,5,990533030,57389
m,5,991072105,57259
m,5,991760179,57148
m,5,992547662,59241
m,5,993185495,57796
m,5,993918717,60111
m,5,994564681,60370
m,5,995092682,56593
m,5,995647440,57759
m,5,996417552,60593
m,5,997284572,61519
m,5,997853109,59111
m,5,998678312,57648
m,5,999228814,58185
m,5,999863796,54722
m,6,614443,59556
m,6,1471593,61166
m,6,2005239,58037
m,6,2596276,56815
m,6,3255960,57593
m,6,4006850,58000
m,6,4669535,57796
m,6,5451462,59834
m,6,6034870,57982
m,6,6565813,54167
m,6,7189609,54463
m,6,7969647,68667
m,6,8641592,56630
m,6,9348406,60223
m,6,9992295,57111
m,6,10517184,56297
m,6,11129795,55611
m,6,11835016,57167
m,6,12475387,59148
m,6,13084517,54963
m,6,13762665,57926
m,6,14424980,61704
m,6,14982795,62037
m,6,15901850,62500
m,6,16481221,61815
m,6,17308348,59074
m,6,17832295,56445
m,6,18449127,56593
m,6,18972127,61019
m,6,19825033,59037
m,6,20434035,57982
m,6,21150053,59018
m,6,21761460,56963
m,6,22291421,58463
m,6,22916681,56074
m,6,23636183,58518
m,6,24272959,57315
m,6,24948128,58685
m,6,25592626,56537
m,6,26194791,57130
m,6,26719793,56056
m,6,27537329,59425
m,6,28072920,56611
m,6,28874179,58314
m,6,29398421,60722
m,6,30019753,56074
m,6,30615550,56130
m,6,31337698,59185
m,6,31962107,55593
m,6,32481348,57519
m,6,33268662,58259
m,6,33791681,123980
m,6,34418680,56685
m,6,35205456,58815
m,6,35736715,57093
m,6,36500917,58075
m,6,37028120,57648
m,6,37679638,56852
m,6,38220211,64241
m,6,39067062,59740
m,6,39715653,58963
m,6,40422004,143000
m,6,41120151,61944
m,6,41709299,69334
m,6,42391448,66333
m,6,43148669,62055
m,6,43868316,70908
m,6,44611668,60259
m,6,45158130,130815
m,6,45784817,54352
m,6,46371815,54611
m,6,47059832,56500
m,6,47629166,59555
m,6,48408185,59055
m,6,48921224,126741
m,6,49544223,53981
m,6,50073982,128834
m,6,50826946,56814
m,6,51494129,53889
m,6,52167185,56074
m,6,52750815,54055
m,6,53258870,53889
m,6,53862571,53777
m,6,54508311,55907
m,6,55275033,54667
m,6,55780053,53648
m,6,56386938,54444
m,6,56894437,54223
m,6,57503623,53870
m,6,58167977,57482
m,6,58940493,55537
m,6,59446530,54445
m,6,60061215,53815
m,6,60575436,56649
m,6,61187287,54315
m,6,61945158,57204
m,6,62616229,55630
m,6,63122636,55907
m,6,63727172,54093
m,6,64233283,125314
m,6,64848024,53796
m,6,65586154,57389
m,6,66246210,56463
m,6,66860155,53759
m,6,67367563,54500
m,6,67966729,54278
m,6,68485488,57777
m,6,69256748,55796
m,6,69817988,53871
m,6,70533931,55870
m,6,71045413,54407
m,6,71654228,55185
m,6,72164598,53704
m,6,72922358,59129
m,6,73539190,60796
m,6,74146225,53908
m,6,74723613,54333
m,6,75231243,54129
m,6,75848428,59963
m,6,76512317,58148
m,6,77266206,55648
m,6,77773150,59111
m,6,78378205,58463
m,6,78887074,54537
m,6,79636539,55389
m,6,80151262,54500
m,6,80872910,56000
m,6,81379594,56334
m,6,81984465,53926
m,6,82529166,122852
m,6,83262537,55815
m,6,83857722,55611
m,6,84474924,56185
m,6,85083406,54500
m,6,85599369,54093
m,6,86200702,54241
m,6,86839940,55111
m,6,87448719,54555
m,6,88107034,54945
m,6,88718425,53759
m,6,89223388,57926
m,6,89839815,56500
deadline thread dies [12115]
Joined 4
main dies [12101]
